Theta [deg.]  Phi   [deg.]  Abs(Grlz)[dBi   ]   Abs(Theta)[dBi   ]  Phase(Theta)[deg.]  Abs(Phi  )[dBi   ]  Phase(Phi  )[deg.]  Ax.Ratio[dB    ]    
------------------------------------------------------------------------------------------------------------------------------------------------------
   0.000          90.000            6.216e+00           6.216e+00              15.342          -1.088e+02             239.546           4.000e+01     
   1.000          90.000            6.213e+00           6.213e+00              15.278          -1.087e+02             236.152           4.000e+01     
   2.000          90.000            6.205e+00           6.205e+00              15.218          -1.086e+02             232.838           4.000e+01     
   3.000          90.000            6.193e+00           6.193e+00              15.160          -1.085e+02             229.616           4.000e+01     
   4.000          90.000            6.178e+00           6.178e+00              15.106          -1.083e+02             226.494           4.000e+01     
   5.000          90.000            6.158e+00           6.158e+00              15.054          -1.082e+02             223.481           4.000e+01     
   6.000          90.000            6.134e+00           6.134e+00              15.006          -1.080e+02             220.582           4.000e+01     
   7.000          90.000            6.106e+00           6.106e+00              14.961          -1.078e+02             217.800           4.000e+01     
   8.000          90.000            6.073e+00           6.073e+00              14.919          -1.076e+02             215.135           4.000e+01     
   9.000          90.000            6.037e+00           6.037e+00              14.880          -1.074e+02             212.586           4.000e+01     
  10.000          90.000            5.997e+00           5.997e+00              14.844          -1.072e+02             210.151           4.000e+01     
  11.000          90.000            5.953e+00           5.953e+00              14.812          -1.070e+02             207.827           4.000e+01     
  12.000          90.000            5.905e+00           5.905e+00              14.782          -1.069e+02             205.610           4.000e+01     
  13.000          90.000            5.853e+00           5.853e+00              14.756          -1.067e+02             203.494           4.000e+01     
  14.000          90.000            5.797e+00           5.797e+00              14.732          -1.065e+02             201.476           4.000e+01     
  15.000          90.000            5.738e+00           5.738e+00              14.712          -1.063e+02             199.550           4.000e+01     
  16.000          90.000            5.674e+00           5.674e+00              14.694          -1.061e+02             197.710           4.000e+01     
  17.000          90.000            5.607e+00           5.607e+00              14.680          -1.059e+02             195.953           4.000e+01     
  18.000          90.000            5.536e+00           5.536e+00              14.668          -1.058e+02             194.272           4.000e+01     
  19.000          90.000            5.462e+00           5.462e+00              14.659          -1.056e+02             192.663           4.000e+01     
  20.000          90.000            5.383e+00           5.383e+00              14.653          -1.054e+02             191.122           4.000e+01     
  21.000          90.000            5.302e+00           5.302e+00              14.650          -1.053e+02             189.644           4.000e+01     
  22.000          90.000            5.217e+00           5.217e+00              14.649          -1.051e+02             188.225           4.000e+01     
  23.000          90.000            5.128e+00           5.128e+00              14.651          -1.050e+02             186.862           4.000e+01     
  24.000          90.000            5.036e+00           5.036e+00              14.655          -1.049e+02             185.551           4.000e+01     
  25.000          90.000            4.941e+00           4.941e+00              14.661          -1.047e+02             184.288           4.000e+01     
  26.000          90.000            4.842e+00           4.842e+00              14.670          -1.046e+02             183.071           4.000e+01     
  27.000          90.000            4.741e+00           4.741e+00              14.681          -1.045e+02             181.896           4.000e+01     
  28.000          90.000            4.636e+00           4.636e+00              14.694          -1.044e+02             180.762           4.000e+01     
  29.000          90.000            4.528e+00           4.528e+00              14.708          -1.043e+02             179.665           4.000e+01     
  30.000          90.000            4.418e+00           4.418e+00              14.724          -1.042e+02             178.603           4.000e+01     
  31.000          90.000            4.304e+00           4.304e+00              14.742          -1.041e+02             177.575           4.000e+01     
  32.000          90.000            4.188e+00           4.188e+00              14.761          -1.041e+02             176.578           4.000e+01     
  33.000          90.000            4.069e+00           4.069e+00              14.781          -1.040e+02             175.611           4.000e+01     
  34.000          90.000            3.947e+00           3.947e+00              14.802          -1.039e+02             174.671           4.000e+01     
  35.000          90.000            3.823e+00           3.823e+00              14.824          -1.039e+02             173.759           4.000e+01     
  36.000          90.000            3.697e+00           3.697e+00              14.847          -1.038e+02             172.871           4.000e+01     
  37.000          90.000            3.568e+00           3.568e+00              14.870          -1.038e+02             172.007           4.000e+01     
  38.000          90.000            3.437e+00           3.437e+00              14.893          -1.037e+02             171.166           4.000e+01     
  39.000          90.000            3.304e+00           3.304e+00              14.917          -1.037e+02             170.347           4.000e+01     
  40.000          90.000            3.168e+00           3.168e+00              14.940          -1.037e+02             169.548           4.000e+01     
  41.000          90.000            3.031e+00           3.031e+00              14.962          -1.036e+02             168.769           4.000e+01     
  42.000          90.000            2.892e+00           2.892e+00              14.983          -1.036e+02             168.009           4.000e+01     
  43.000          90.000            2.751e+00           2.751e+00              15.004          -1.036e+02             167.267           4.000e+01     
  44.000          90.000            2.608e+00           2.608e+00              15.023          -1.036e+02             166.542           4.000e+01     
  45.000          90.000            2.464e+00           2.464e+00              15.040          -1.036e+02             165.835           4.000e+01     
  46.000          90.000            2.318e+00           2.318e+00              15.056          -1.036e+02             165.144           4.000e+01     
  47.000          90.000            2.171e+00           2.171e+00              15.069          -1.036e+02             164.469           4.000e+01     
  48.000          90.000            2.022e+00           2.022e+00              15.080          -1.036e+02             163.808           4.000e+01     
  49.000          90.000            1.872e+00           1.872e+00              15.087          -1.036e+02             163.164           4.000e+01     
  50.000          90.000            1.721e+00           1.721e+00              15.092          -1.037e+02             162.534           4.000e+01     
  51.000          90.000            1.570e+00           1.570e+00              15.093          -1.037e+02             161.918           4.000e+01     
  52.000          90.000            1.417e+00           1.417e+00              15.090          -1.037e+02             161.317           4.000e+01     
  53.000          90.000            1.263e+00           1.263e+00              15.082          -1.038e+02             160.729           4.000e+01     
  54.000          90.000            1.109e+00           1.109e+00              15.070          -1.038e+02             160.155           4.000e+01     
  55.000          90.000            9.539e-01           9.539e-01              15.053          -1.038e+02             159.595           4.000e+01     
  56.000          90.000            7.984e-01           7.984e-01              15.031          -1.039e+02             159.048           4.000e+01     
  57.000          90.000            6.423e-01           6.423e-01              15.002          -1.039e+02             158.514           4.000e+01     
  58.000          90.000            4.859e-01           4.859e-01              14.968          -1.040e+02             157.993           4.000e+01     
  59.000          90.000            3.292e-01           3.292e-01              14.927          -1.041e+02             157.486           4.000e+01     
  60.000          90.000            1.723e-01           1.723e-01              14.879          -1.041e+02             156.992           4.000e+01     
  61.000          90.000            1.525e-02           1.525e-02              14.823          -1.042e+02             156.511           4.000e+01     
  62.000          90.000           -1.419e-01          -1.419e-01              14.760          -1.043e+02             156.043           4.000e+01     
  63.000          90.000           -2.990e-01          -2.990e-01              14.689          -1.043e+02             155.589           4.000e+01     
  64.000          90.000           -4.560e-01          -4.560e-01              14.609          -1.044e+02             155.148           4.000e+01     
  65.000          90.000           -6.129e-01          -6.129e-01              14.521          -1.045e+02             154.720           4.000e+01     
  66.000          90.000           -7.696e-01          -7.696e-01              14.423          -1.046e+02             154.307           4.000e+01     
  67.000          90.000           -9.260e-01          -9.260e-01              14.315          -1.047e+02             153.907           4.000e+01     
  68.000          90.000           -1.082e+00          -1.082e+00              14.197          -1.048e+02             153.522           4.000e+01     
  69.000          90.000           -1.238e+00          -1.238e+00              14.069          -1.048e+02             153.151           4.000e+01     
  70.000          90.000           -1.393e+00          -1.393e+00              13.930          -1.049e+02             152.795           4.000e+01     
  71.000          90.000           -1.548e+00          -1.548e+00              13.779          -1.050e+02             152.453           4.000e+01     
  72.000          90.000           -1.702e+00          -1.702e+00              13.617          -1.051e+02             152.127           4.000e+01     
  73.000          90.000           -1.856e+00          -1.856e+00              13.443          -1.052e+02             151.817           4.000e+01     
  74.000          90.000           -2.009e+00          -2.009e+00              13.257          -1.054e+02             151.522           4.000e+01     
  75.000          90.000           -2.162e+00          -2.162e+00              13.058          -1.055e+02             151.244           4.000e+01     
  76.000          90.000           -2.314e+00          -2.314e+00              12.847          -1.056e+02             150.983           4.000e+01     
  77.000          90.000           -2.465e+00          -2.465e+00              12.622          -1.057e+02             150.740           4.000e+01     
  78.000          90.000           -2.616e+00          -2.616e+00              12.383          -1.058e+02             150.514           4.000e+01     
  79.000          90.000           -2.766e+00          -2.766e+00              12.130          -1.059e+02             150.306           4.000e+01     
  80.000          90.000           -2.916e+00          -2.916e+00              11.863          -1.061e+02             150.118           4.000e+01     
  81.000          90.000           -3.065e+00          -3.065e+00              11.582          -1.062e+02             149.949           4.000e+01     
  82.000          90.000           -3.213e+00          -3.213e+00              11.285          -1.063e+02             149.800           4.000e+01     
  83.000          90.000           -3.361e+00          -3.361e+00              10.973          -1.065e+02             149.672           4.000e+01     
  84.000          90.000           -3.508e+00          -3.508e+00              10.646          -1.066e+02             149.566           4.000e+01     
  85.000          90.000           -3.654e+00          -3.654e+00              10.303          -1.067e+02             149.483           4.000e+01     
  86.000          90.000           -3.801e+00          -3.801e+00               9.944          -1.069e+02             149.422           4.000e+01     
  87.000          90.000           -3.946e+00          -3.946e+00               9.569          -1.070e+02             149.386           4.000e+01     
  88.000          90.000           -4.092e+00          -4.092e+00               9.176          -1.072e+02             149.375           4.000e+01     
  89.000          90.000           -4.237e+00          -4.237e+00               8.767          -1.073e+02             149.390           4.000e+01     
  90.000          90.000           -4.382e+00          -4.382e+00               8.340          -1.075e+02             149.432           4.000e+01     
  91.000          90.000           -4.527e+00          -4.527e+00               7.896          -1.076e+02             149.503           4.000e+01     
  92.000          90.000           -4.671e+00          -4.671e+00               7.434          -1.078e+02             149.603           4.000e+01     
  93.000          90.000           -4.816e+00          -4.816e+00               6.953          -1.080e+02             149.734           4.000e+01     
  94.000          90.000           -4.961e+00          -4.961e+00               6.453          -1.081e+02             149.897           4.000e+01     
  95.000          90.000           -5.106e+00          -5.106e+00               5.934          -1.083e+02             150.095           4.000e+01     
  96.000          90.000           -5.251e+00          -5.251e+00               5.395          -1.085e+02             150.327           4.000e+01     
  97.000          90.000           -5.397e+00          -5.397e+00               4.837          -1.087e+02             150.597           4.000e+01     
  98.000          90.000           -5.543e+00          -5.543e+00               4.257          -1.089e+02             150.906           4.000e+01     
  99.000          90.000           -5.690e+00          -5.690e+00               3.656          -1.090e+02             151.257           4.000e+01     
 100.000          90.000           -5.838e+00          -5.838e+00               3.033          -1.092e+02             151.650           4.000e+01     
 101.000          90.000           -5.987e+00          -5.987e+00               2.388          -1.094e+02             152.089           4.000e+01     
 102.000          90.000           -6.137e+00          -6.137e+00               1.719          -1.096e+02             152.577           4.000e+01     
 103.000          90.000           -6.288e+00          -6.288e+00               1.027          -1.098e+02             153.115           4.000e+01     
 104.000          90.000           -6.440e+00          -6.440e+00               0.309          -1.101e+02             153.708           4.000e+01     
 105.000          90.000           -6.594e+00          -6.594e+00             359.565          -1.103e+02             154.358           4.000e+01     
 106.000          90.000           -6.750e+00          -6.750e+00             358.795          -1.105e+02             155.069           4.000e+01     
 107.000          90.000           -6.907e+00          -6.907e+00             357.996          -1.107e+02             155.845           4.000e+01     
 108.000          90.000           -7.067e+00          -7.067e+00             357.168          -1.109e+02             156.690           4.000e+01     
 109.000          90.000           -7.228e+00          -7.228e+00             356.309          -1.112e+02             157.609           4.000e+01     
 110.000          90.000           -7.392e+00          -7.392e+00             355.417          -1.114e+02             158.606           4.000e+01     
 111.000          90.000           -7.559e+00          -7.559e+00             354.492          -1.117e+02             159.688           4.000e+01     
 112.000          90.000           -7.728e+00          -7.728e+00             353.531          -1.119e+02             160.859           4.000e+01     
 113.000          90.000           -7.899e+00          -7.899e+00             352.532          -1.122e+02             162.127           4.000e+01     
 114.000          90.000           -8.074e+00          -8.074e+00             351.494          -1.124e+02             163.498           4.000e+01     
 115.000          90.000           -8.251e+00          -8.251e+00             350.413          -1.127e+02             164.979           4.000e+01     
 116.000          90.000           -8.432e+00          -8.432e+00             349.287          -1.129e+02             166.579           4.000e+01     
 117.000          90.000           -8.615e+00          -8.615e+00             348.114          -1.132e+02             168.305           4.000e+01     
 118.000          90.000           -8.802e+00          -8.802e+00             346.890          -1.135e+02             170.165           4.000e+01     
 119.000          90.000           -8.992e+00          -8.992e+00             345.612          -1.137e+02             172.170           4.000e+01     
 120.000          90.000           -9.185e+00          -9.185e+00             344.277          -1.140e+02             174.326           4.000e+01     
 121.000          90.000           -9.381e+00          -9.381e+00             342.882          -1.143e+02             176.642           4.000e+01     
 122.000          90.000           -9.580e+00          -9.580e+00             341.421          -1.145e+02             179.127           4.000e+01     
 123.000          90.000           -9.781e+00          -9.781e+00             339.891          -1.148e+02             181.785           4.000e+01     
 124.000          90.000           -9.985e+00          -9.985e+00             338.288          -1.150e+02             184.623           4.000e+01     
 125.000          90.000           -1.019e+01          -1.019e+01             336.607          -1.152e+02             187.642           4.000e+01     
 126.000          90.000           -1.040e+01          -1.040e+01             334.843          -1.154e+02             190.841           4.000e+01     
 127.000          90.000           -1.061e+01          -1.061e+01             332.991          -1.156e+02             194.215           4.000e+01     
 128.000          90.000           -1.082e+01          -1.082e+01             331.048          -1.158e+02             197.754           4.000e+01     
 129.000          90.000           -1.102e+01          -1.102e+01             329.007          -1.159e+02             201.444           4.000e+01     
 130.000          90.000           -1.123e+01          -1.123e+01             326.864          -1.160e+02             205.264           4.000e+01     
 131.000          90.000           -1.144e+01          -1.144e+01             324.617          -1.161e+02             209.189           4.000e+01     
 132.000          90.000           -1.163e+01          -1.163e+01             322.260          -1.161e+02             213.188           4.000e+01     
 133.000          90.000           -1.183e+01          -1.183e+01             319.795          -1.161e+02             217.230           4.000e+01     
 134.000          90.000           -1.202e+01          -1.202e+01             317.215          -1.161e+02             221.277           4.000e+01     
 135.000          90.000           -1.219e+01          -1.219e+01             314.524          -1.160e+02             225.296           4.000e+01     
 136.000          90.000           -1.236e+01          -1.236e+01             311.723          -1.159e+02             229.255           4.000e+01     
 137.000          90.000           -1.251e+01          -1.251e+01             308.817          -1.157e+02             233.126           4.000e+01     
 138.000          90.000           -1.265e+01          -1.265e+01             305.812          -1.155e+02             236.883           4.000e+01     
 139.000          90.000           -1.277e+01          -1.277e+01             302.718          -1.153e+02             240.509           4.000e+01     
 140.000          90.000           -1.287e+01          -1.287e+01             299.547          -1.151e+02             243.990           4.000e+01     
 141.000          90.000           -1.295e+01          -1.295e+01             296.314          -1.148e+02             247.316           4.000e+01     
 142.000          90.000           -1.300e+01          -1.300e+01             293.034          -1.145e+02             250.486           4.000e+01     
 143.000          90.000           -1.304e+01          -1.304e+01             289.727          -1.143e+02             253.497           4.000e+01     
 144.000          90.000           -1.305e+01          -1.305e+01             286.413          -1.140e+02             256.353           4.000e+01     
 145.000          90.000           -1.303e+01          -1.303e+01             283.112          -1.137e+02             259.059           4.000e+01     
 146.000          90.000           -1.299e+01          -1.299e+01             279.844          -1.134e+02             261.621           4.000e+01     
 147.000          90.000           -1.293e+01          -1.293e+01             276.627          -1.131e+02             264.048           4.000e+01     
 148.000          90.000           -1.285e+01          -1.285e+01             273.481          -1.128e+02             266.346           4.000e+01     
 149.000          90.000           -1.275e+01          -1.275e+01             270.420          -1.125e+02             268.525           4.000e+01     
 150.000          90.000           -1.264e+01          -1.264e+01             267.456          -1.122e+02             270.592           4.000e+01     
 151.000          90.000           -1.250e+01          -1.250e+01             264.602          -1.119e+02             272.556           4.000e+01     
 152.000          90.000           -1.236e+01          -1.236e+01             261.864          -1.116e+02             274.424           4.000e+01     
 153.000          90.000           -1.221e+01          -1.221e+01             259.248          -1.113e+02             276.203           4.000e+01     
 154.000          90.000           -1.204e+01          -1.204e+01             256.757          -1.110e+02             277.901           4.000e+01     
 155.000          90.000           -1.188e+01          -1.188e+01             254.392          -1.107e+02             279.523           4.000e+01     
 156.000          90.000           -1.171e+01          -1.171e+01             252.152          -1.104e+02             281.076           4.000e+01     
 157.000          90.000           -1.153e+01          -1.153e+01             250.036          -1.102e+02             282.564           4.000e+01     
 158.000          90.000           -1.136e+01          -1.136e+01             248.041          -1.099e+02             283.992           4.000e+01     
 159.000          90.000           -1.119e+01          -1.119e+01             246.163          -1.097e+02             285.365           4.000e+01     
 160.000          90.000           -1.102e+01          -1.102e+01             244.398          -1.094e+02             286.687           4.000e+01     
 161.000          90.000           -1.086e+01          -1.086e+01             242.742          -1.092e+02             287.961           4.000e+01     
 162.000          90.000           -1.070e+01          -1.070e+01             241.189          -1.090e+02             289.192           4.000e+01     
 163.000          90.000           -1.055e+01          -1.055e+01             239.735          -1.087e+02             290.381           4.000e+01     
 164.000          90.000           -1.041e+01          -1.041e+01             238.376          -1.085e+02             291.532           4.000e+01     
 165.000          90.000           -1.027e+01          -1.027e+01             237.106          -1.083e+02             292.647           4.000e+01     
 166.000          90.000           -1.014e+01          -1.014e+01             235.922          -1.081e+02             293.728           4.000e+01     
 167.000          90.000           -1.002e+01          -1.002e+01             234.820          -1.079e+02             294.777           4.000e+01     
 168.000          90.000           -9.907e+00          -9.907e+00             233.795          -1.077e+02             295.797           4.000e+01     
 169.000          90.000           -9.805e+00          -9.805e+00             232.845          -1.075e+02             296.789           4.000e+01     
 170.000          90.000           -9.713e+00          -9.713e+00             231.965          -1.073e+02             297.755           4.000e+01     
 171.000          90.000           -9.631e+00          -9.631e+00             231.153          -1.071e+02             298.695           4.000e+01     
 172.000          90.000           -9.560e+00          -9.560e+00             230.406          -1.070e+02             299.612           4.000e+01     
 173.000          90.000           -9.499e+00          -9.499e+00             229.721          -1.068e+02             300.506           4.000e+01     
 174.000          90.000           -9.449e+00          -9.449e+00             229.097          -1.066e+02             301.379           4.000e+01     
 175.000          90.000           -9.410e+00          -9.410e+00             228.532          -1.065e+02             302.231           4.000e+01     
 176.000          90.000           -9.382e+00          -9.382e+00             228.023          -1.063e+02             303.063           4.000e+01     
 177.000          90.000           -9.365e+00          -9.365e+00             227.570          -1.062e+02             303.877           4.000e+01     
 178.000          90.000           -9.361e+00          -9.361e+00             227.171          -1.060e+02             304.672           4.000e+01     
 179.000          90.000           -9.368e+00          -9.368e+00             226.825          -1.059e+02             305.451           4.000e+01     
 180.000          90.000           -9.387e+00          -9.387e+00             226.531          -1.058e+02             306.212           4.000e+01     
 179.000         270.000           -9.418e+00          -9.418e+00              46.290          -1.056e+02             126.957           4.000e+01     
 178.000         270.000           -9.461e+00          -9.461e+00              46.102          -1.055e+02             127.687           4.000e+01     
 177.000         270.000           -9.517e+00          -9.517e+00              45.966          -1.054e+02             128.401           4.000e+01     
 176.000         270.000           -9.586e+00          -9.586e+00              45.883          -1.053e+02             129.101           4.000e+01     
 175.000         270.000           -9.667e+00          -9.667e+00              45.854          -1.052e+02             129.787           4.000e+01     
 174.000         270.000           -9.762e+00          -9.762e+00              45.880          -1.051e+02             130.460           4.000e+01     
 173.000         270.000           -9.870e+00          -9.870e+00              45.962          -1.050e+02             131.118           4.000e+01     
 172.000         270.000           -9.992e+00          -9.992e+00              46.103          -1.049e+02             131.764           4.000e+01     
 171.000         270.000           -1.013e+01          -1.013e+01              46.304          -1.048e+02             132.398           4.000e+01     
 170.000         270.000           -1.028e+01          -1.028e+01              46.568          -1.047e+02             133.019           4.000e+01     
 169.000         270.000           -1.044e+01          -1.044e+01              46.898          -1.047e+02             133.628           4.000e+01     
 168.000         270.000           -1.062e+01          -1.062e+01              47.298          -1.046e+02             134.225           4.000e+01     
 167.000         270.000           -1.081e+01          -1.081e+01              47.773          -1.045e+02             134.811           4.000e+01     
 166.000         270.000           -1.102e+01          -1.102e+01              48.329          -1.045e+02             135.385           4.000e+01     
 165.000         270.000           -1.125e+01          -1.125e+01              48.969          -1.044e+02             135.949           4.000e+01     
 164.000         270.000           -1.149e+01          -1.149e+01              49.704          -1.044e+02             136.502           4.000e+01     
 163.000         270.000           -1.175e+01          -1.175e+01              50.539          -1.043e+02             137.044           4.000e+01     
 162.000         270.000           -1.202e+01          -1.202e+01              51.485          -1.043e+02             137.576           4.000e+01     
 161.000         270.000           -1.232e+01          -1.232e+01              52.553          -1.042e+02             138.098           4.000e+01     
 160.000         270.000           -1.262e+01          -1.262e+01              53.755          -1.042e+02             138.610           4.000e+01     
 159.000         270.000           -1.295e+01          -1.295e+01              55.107          -1.041e+02             139.112           4.000e+01     
 158.000         270.000           -1.329e+01          -1.329e+01              56.624          -1.041e+02             139.605           4.000e+01     
 157.000         270.000           -1.365e+01          -1.365e+01              58.327          -1.041e+02             140.088           4.000e+01     
 156.000         270.000           -1.403e+01          -1.403e+01              60.238          -1.041e+02             140.562           4.000e+01     
 155.000         270.000           -1.442e+01          -1.442e+01              62.382          -1.040e+02             141.027           4.000e+01     
 154.000         270.000           -1.482e+01          -1.482e+01              64.786          -1.040e+02             141.483           4.000e+01     
 153.000         270.000           -1.523e+01          -1.523e+01              67.481          -1.040e+02             141.930           4.000e+01     
 152.000         270.000           -1.564e+01          -1.564e+01              70.499          -1.040e+02             142.368           4.000e+01     
 151.000         270.000           -1.605e+01          -1.605e+01              73.872          -1.040e+02             142.798           4.000e+01     
 150.000         270.000           -1.646e+01          -1.646e+01              77.628          -1.040e+02             143.220           4.000e+01     
 149.000         270.000           -1.685e+01          -1.685e+01              81.790          -1.040e+02             143.632           4.000e+01     
 148.000         270.000           -1.720e+01          -1.720e+01              86.368          -1.040e+02             144.037           4.000e+01     
 147.000         270.000           -1.752e+01          -1.752e+01              91.354          -1.040e+02             144.434           4.000e+01     
 146.000         270.000           -1.777e+01          -1.777e+01              96.710          -1.040e+02             144.822           4.000e+01     
 145.000         270.000           -1.795e+01          -1.795e+01             102.374          -1.040e+02             145.202           4.000e+01     
 144.000         270.000           -1.805e+01          -1.805e+01             108.247          -1.040e+02             145.575           4.000e+01     
 143.000         270.000           -1.806e+01          -1.806e+01             114.213          -1.041e+02             145.940           4.000e+01     
 142.000         270.000           -1.798e+01          -1.798e+01             120.142          -1.041e+02             146.297           4.000e+01     
 141.000         270.000           -1.782e+01          -1.782e+01             125.910          -1.041e+02             146.646           4.000e+01     
 140.000         270.000           -1.757e+01          -1.757e+01             131.416          -1.041e+02             146.988           4.000e+01     
 139.000         270.000           -1.727e+01          -1.727e+01             136.583          -1.041e+02             147.322           4.000e+01     
 138.000         270.000           -1.692e+01          -1.692e+01             141.370          -1.042e+02             147.649           4.000e+01     
 137.000         270.000           -1.653e+01          -1.653e+01             145.760          -1.042e+02             147.969           4.000e+01     
 136.000         270.000           -1.611e+01          -1.611e+01             149.758          -1.042e+02             148.281           4.000e+01     
 135.000         270.000           -1.569e+01          -1.569e+01             153.384          -1.042e+02             148.586           4.000e+01     
 134.000         270.000           -1.526e+01          -1.526e+01             156.666          -1.043e+02             148.883           4.000e+01     
 133.000         270.000           -1.483e+01          -1.483e+01             159.635          -1.043e+02             149.174           4.000e+01     
 132.000         270.000           -1.441e+01          -1.441e+01             162.322          -1.043e+02             149.457           4.000e+01     
 131.000         270.000           -1.399e+01          -1.399e+01             164.761          -1.044e+02             149.733           4.000e+01     
 130.000         270.000           -1.359e+01          -1.359e+01             166.980          -1.044e+02             150.003           4.000e+01     
 129.000         270.000           -1.320e+01          -1.320e+01             169.003          -1.044e+02             150.265           4.000e+01     
 128.000         270.000           -1.282e+01          -1.282e+01             170.855          -1.045e+02             150.521           4.000e+01     
 127.000         270.000           -1.245e+01          -1.245e+01             172.555          -1.045e+02             150.769           4.000e+01     
 126.000         270.000           -1.210e+01          -1.210e+01             174.121          -1.045e+02             151.011           4.000e+01     
 125.000         270.000           -1.176e+01          -1.176e+01             175.569          -1.046e+02             151.246           4.000e+01     
 124.000         270.000           -1.144e+01          -1.144e+01             176.913          -1.046e+02             151.474           4.000e+01     
 123.000         270.000           -1.112e+01          -1.112e+01             178.163          -1.046e+02             151.696           4.000e+01     
 122.000         270.000           -1.082e+01          -1.082e+01             179.331          -1.047e+02             151.910           4.000e+01     
 121.000         270.000           -1.053e+01          -1.053e+01             180.424          -1.047e+02             152.119           4.000e+01     
 120.000         270.000           -1.025e+01          -1.025e+01             181.452          -1.047e+02             152.320           4.000e+01     
 119.000         270.000           -9.974e+00          -9.974e+00             182.419          -1.048e+02             152.516           4.000e+01     
 118.000         270.000           -9.713e+00          -9.713e+00             183.333          -1.048e+02             152.704           4.000e+01     
 117.000         270.000           -9.461e+00          -9.461e+00             184.199          -1.048e+02             152.887           4.000e+01     
 116.000         270.000           -9.217e+00          -9.217e+00             185.020          -1.048e+02             153.063           4.000e+01     
 115.000         270.000           -8.981e+00          -8.981e+00             185.801          -1.049e+02             153.232           4.000e+01     
 114.000         270.000           -8.753e+00          -8.753e+00             186.546          -1.049e+02             153.395           4.000e+01     
 113.000         270.000           -8.531e+00          -8.531e+00             187.256          -1.049e+02             153.552           4.000e+01     
 112.000         270.000           -8.316e+00          -8.316e+00             187.936          -1.049e+02             153.703           4.000e+01     
 111.000         270.000           -8.107e+00          -8.107e+00             188.587          -1.050e+02             153.847           4.000e+01     
 110.000         270.000           -7.904e+00          -7.904e+00             189.211          -1.050e+02             153.986           4.000e+01     
 109.000         270.000           -7.706e+00          -7.706e+00             189.810          -1.050e+02             154.118           4.000e+01     
 108.000         270.000           -7.512e+00          -7.512e+00             190.386          -1.050e+02             154.244           4.000e+01     
 107.000         270.000           -7.323e+00          -7.323e+00             190.940          -1.050e+02             154.364           4.000e+01     
 106.000         270.000           -7.139e+00          -7.139e+00             191.473          -1.050e+02             154.478           4.000e+01     
 105.000         270.000           -6.958e+00          -6.958e+00             191.987          -1.050e+02             154.586           4.000e+01     
 104.000         270.000           -6.780e+00          -6.780e+00             192.482          -1.050e+02             154.688           4.000e+01     
 103.000         270.000           -6.606e+00          -6.606e+00             192.960          -1.050e+02             154.784           4.000e+01     
 102.000         270.000           -6.434e+00          -6.434e+00             193.420          -1.050e+02             154.874           4.000e+01     
 101.000         270.000           -6.265e+00          -6.265e+00             193.864          -1.050e+02             154.958           4.000e+01     
 100.000         270.000           -6.098e+00          -6.098e+00             194.292          -1.050e+02             155.036           4.000e+01     
  99.000         270.000           -5.934e+00          -5.934e+00             194.705          -1.050e+02             155.108           4.000e+01     
  98.000         270.000           -5.771e+00          -5.771e+00             195.103          -1.050e+02             155.173           4.000e+01     
  97.000         270.000           -5.610e+00          -5.610e+00             195.486          -1.050e+02             155.233           4.000e+01     
  96.000         270.000           -5.450e+00          -5.450e+00             195.855          -1.050e+02             155.287           4.000e+01     
  95.000         270.000           -5.291e+00          -5.291e+00             196.210          -1.050e+02             155.334           4.000e+01     
  94.000         270.000           -5.134e+00          -5.134e+00             196.552          -1.050e+02             155.375           4.000e+01     
  93.000         270.000           -4.977e+00          -4.977e+00             196.880          -1.050e+02             155.410           4.000e+01     
  92.000         270.000           -4.821e+00          -4.821e+00             197.195          -1.049e+02             155.439           4.000e+01     
  91.000         270.000           -4.666e+00          -4.666e+00             197.496          -1.049e+02             155.461           4.000e+01     
  90.000         270.000           -4.511e+00          -4.511e+00             197.785          -1.049e+02             155.477           4.000e+01     
  89.000         270.000           -4.356e+00          -4.356e+00             198.062          -1.049e+02             155.486           4.000e+01     
  88.000         270.000           -4.202e+00          -4.202e+00             198.325          -1.048e+02             155.488           4.000e+01     
  87.000         270.000           -4.047e+00          -4.047e+00             198.576          -1.048e+02             155.484           4.000e+01     
  86.000         270.000           -3.893e+00          -3.893e+00             198.815          -1.048e+02             155.472           4.000e+01     
  85.000         270.000           -3.738e+00          -3.738e+00             199.042          -1.048e+02             155.453           4.000e+01     
  84.000         270.000           -3.584e+00          -3.584e+00             199.256          -1.047e+02             155.428           4.000e+01     
  83.000         270.000           -3.429e+00          -3.429e+00             199.459          -1.047e+02             155.394           4.000e+01     
  82.000         270.000           -3.274e+00          -3.274e+00             199.650          -1.047e+02             155.353           4.000e+01     
  81.000         270.000           -3.118e+00          -3.118e+00             199.829          -1.046e+02             155.305           4.000e+01     
  80.000         270.000           -2.962e+00          -2.962e+00             199.996          -1.046e+02             155.248           4.000e+01     
  79.000         270.000           -2.806e+00          -2.806e+00             200.152          -1.046e+02             155.183           4.000e+01     
  78.000         270.000           -2.649e+00          -2.649e+00             200.297          -1.045e+02             155.110           4.000e+01     
  77.000         270.000           -2.492e+00          -2.492e+00             200.431          -1.045e+02             155.028           4.000e+01     
  76.000         270.000           -2.334e+00          -2.334e+00             200.553          -1.044e+02             154.937           4.000e+01     
  75.000         270.000           -2.176e+00          -2.176e+00             200.665          -1.044e+02             154.838           4.000e+01     
  74.000         270.000           -2.018e+00          -2.018e+00             200.767          -1.044e+02             154.729           4.000e+01     
  73.000         270.000           -1.859e+00          -1.859e+00             200.857          -1.043e+02             154.610           4.000e+01     
  72.000         270.000           -1.700e+00          -1.700e+00             200.938          -1.043e+02             154.482           4.000e+01     
  71.000         270.000           -1.540e+00          -1.540e+00             201.008          -1.043e+02             154.343           4.000e+01     
  70.000         270.000           -1.380e+00          -1.380e+00             201.069          -1.042e+02             154.194           4.000e+01     
  69.000         270.000           -1.220e+00          -1.220e+00             201.120          -1.042e+02             154.035           4.000e+01     
  68.000         270.000           -1.059e+00          -1.059e+00             201.162          -1.042e+02             153.864           4.000e+01     
  67.000         270.000           -8.982e-01          -8.982e-01             201.195          -1.041e+02             153.682           4.000e+01     
  66.000         270.000           -7.373e-01          -7.373e-01             201.218          -1.041e+02             153.488           4.000e+01     
  65.000         270.000           -5.763e-01          -5.763e-01             201.233          -1.041e+02             153.282           4.000e+01     
  64.000         270.000           -4.152e-01          -4.152e-01             201.240          -1.041e+02             153.064           4.000e+01     
  63.000         270.000           -2.542e-01          -2.542e-01             201.239          -1.040e+02             152.833           4.000e+01     
  62.000         270.000           -9.329e-02          -9.329e-02             201.229          -1.040e+02             152.589           4.000e+01     
  61.000         270.000            6.747e-02           6.747e-02             201.213          -1.040e+02             152.331           4.000e+01     
  60.000         270.000            2.280e-01           2.280e-01             201.188          -1.040e+02             152.059           4.000e+01     
  59.000         270.000            3.882e-01           3.882e-01             201.157          -1.040e+02             151.772           4.000e+01     
  58.000         270.000            5.479e-01           5.479e-01             201.119          -1.040e+02             151.470           4.000e+01     
  57.000         270.000            7.072e-01           7.072e-01             201.074          -1.039e+02             151.153           4.000e+01     
  56.000         270.000            8.659e-01           8.659e-01             201.024          -1.039e+02             150.819           4.000e+01     
  55.000         270.000            1.024e+00           1.024e+00             200.967          -1.039e+02             150.469           4.000e+01     
  54.000         270.000            1.181e+00           1.181e+00             200.904          -1.039e+02             150.102           4.000e+01     
  53.000         270.000            1.338e+00           1.338e+00             200.836          -1.039e+02             149.716           4.000e+01     
  52.000         270.000            1.493e+00           1.493e+00             200.764          -1.040e+02             149.312           4.000e+01     
  51.000         270.000            1.648e+00           1.648e+00             200.686          -1.040e+02             148.889           4.000e+01     
  50.000         270.000            1.801e+00           1.801e+00             200.603          -1.040e+02             148.446           4.000e+01     
  49.000         270.000            1.953e+00           1.953e+00             200.517          -1.040e+02             147.982           4.000e+01     
  48.000         270.000            2.104e+00           2.104e+00             200.426          -1.040e+02             147.496           4.000e+01     
  47.000         270.000            2.254e+00           2.254e+00             200.331          -1.040e+02             146.987           4.000e+01     
  46.000         270.000            2.402e+00           2.402e+00             200.233          -1.041e+02             146.455           4.000e+01     
  45.000         270.000            2.548e+00           2.548e+00             200.132          -1.041e+02             145.898           4.000e+01     
  44.000         270.000            2.693e+00           2.693e+00             200.028          -1.042e+02             145.316           4.000e+01     
  43.000         270.000            2.836e+00           2.836e+00             199.921          -1.042e+02             144.706           4.000e+01     
  42.000         270.000            2.977e+00           2.977e+00             199.811          -1.043e+02             144.069           4.000e+01     
  41.000         270.000            3.116e+00           3.116e+00             199.699          -1.043e+02             143.402           4.000e+01     
  40.000         270.000            3.253e+00           3.253e+00             199.585          -1.044e+02             142.704           4.000e+01     
  39.000         270.000            3.388e+00           3.388e+00             199.470          -1.044e+02             141.973           4.000e+01     
  38.000         270.000            3.521e+00           3.521e+00             199.352          -1.045e+02             141.208           4.000e+01     
  37.000         270.000            3.651e+00           3.651e+00             199.233          -1.046e+02             140.407           4.000e+01     
  36.000         270.000            3.779e+00           3.779e+00             199.113          -1.047e+02             139.568           4.000e+01     
  35.000         270.000            3.905e+00           3.905e+00             198.992          -1.048e+02             138.689           4.000e+01     
  34.000         270.000            4.028e+00           4.028e+00             198.871          -1.049e+02             137.767           4.000e+01     
  33.000         270.000            4.148e+00           4.148e+00             198.748          -1.050e+02             136.800           4.000e+01     
  32.000         270.000            4.266e+00           4.266e+00             198.626          -1.051e+02             135.786           4.000e+01     
  31.000         270.000            4.381e+00           4.381e+00             198.503          -1.052e+02             134.721           4.000e+01     
  30.000         270.000            4.493e+00           4.493e+00             198.380          -1.053e+02             133.603           4.000e+01     
  29.000         270.000            4.602e+00           4.602e+00             198.257          -1.054e+02             132.428           4.000e+01     
  28.000         270.000            4.708e+00           4.708e+00             198.135          -1.056e+02             131.193           4.000e+01     
  27.000         270.000            4.811e+00           4.811e+00             198.012          -1.057e+02             129.893           4.000e+01     
  26.000         270.000            4.910e+00           4.910e+00             197.891          -1.059e+02             128.526           4.000e+01     
  25.000         270.000            5.007e+00           5.007e+00             197.770          -1.060e+02             127.086           4.000e+01     
  24.000         270.000            5.100e+00           5.100e+00             197.651          -1.062e+02             125.569           4.000e+01     
  23.000         270.000            5.189e+00           5.189e+00             197.532          -1.063e+02             123.971           4.000e+01     
  22.000         270.000            5.276e+00           5.276e+00             197.414          -1.065e+02             122.286           4.000e+01     
  21.000         270.000            5.359e+00           5.359e+00             197.298          -1.067e+02             120.510           4.000e+01     
  20.000         270.000            5.438e+00           5.438e+00             197.184          -1.068e+02             118.637           4.000e+01     
  19.000         270.000            5.514e+00           5.514e+00             197.070          -1.070e+02             116.663           4.000e+01     
  18.000         270.000            5.586e+00           5.586e+00             196.959          -1.072e+02             114.581           4.000e+01     
  17.000         270.000            5.654e+00           5.654e+00             196.849          -1.074e+02             112.388           4.000e+01     
  16.000         270.000            5.719e+00           5.719e+00             196.741          -1.076e+02             110.078           4.000e+01     
  15.000         270.000            5.780e+00           5.780e+00             196.635          -1.077e+02             107.650           4.000e+01     
  14.000         270.000            5.837e+00           5.837e+00             196.532          -1.079e+02             105.098           4.000e+01     
  13.000         270.000            5.890e+00           5.890e+00             196.430          -1.081e+02             102.423           4.000e+01     
  12.000         270.000            5.939e+00           5.939e+00             196.331          -1.082e+02              99.625           4.000e+01     
  11.000         270.000            5.984e+00           5.984e+00             196.234          -1.084e+02              96.704           4.000e+01     
  10.000         270.000            6.026e+00           6.026e+00             196.139          -1.085e+02              93.667           4.000e+01     
   9.000         270.000            6.063e+00           6.063e+00             196.047          -1.086e+02              90.519           4.000e+01     
   8.000         270.000            6.096e+00           6.096e+00             195.958          -1.088e+02              87.269           4.000e+01     
   7.000         270.000            6.126e+00           6.126e+00             195.871          -1.088e+02              83.931           4.000e+01     
   6.000         270.000            6.151e+00           6.151e+00             195.787          -1.089e+02              80.518           4.000e+01     
   5.000         270.000            6.172e+00           6.172e+00             195.706          -1.089e+02              77.049           4.000e+01     
   4.000         270.000            6.189e+00           6.189e+00             195.627          -1.090e+02              73.541           4.000e+01     
   3.000         270.000            6.202e+00           6.202e+00             195.552          -1.090e+02              70.017           4.000e+01     
   2.000         270.000            6.211e+00           6.211e+00             195.479          -1.089e+02              66.496           4.000e+01     
   1.000         270.000            6.216e+00           6.216e+00             195.409          -1.089e+02              62.999           4.000e+01     
