Freq.	V(v1)/I(V1)
3.00000000000000e+09	-3.47453688689125e+02,-6.27277742772175e+02
3.00100100100100e+09	-3.48741149437222e+02,-6.27744459732329e+02
3.00200200200200e+09	-3.50033244160514e+02,-6.28208916886019e+02
3.00300300300300e+09	-3.51329982365112e+02,-6.28671086476801e+02
3.00400400400400e+09	-3.52631373458322e+02,-6.29130940548349e+02
3.00500500500500e+09	-3.53937426746644e+02,-6.29588450943788e+02
3.00600600600601e+09	-3.55248151433722e+02,-6.30043589305022e+02
3.00700700700701e+09	-3.56563556618299e+02,-6.30496327072095e+02
3.00800800800801e+09	-3.57883651292140e+02,-6.30946635482560e+02
3.00900900900901e+09	-3.59208444337926e+02,-6.31394485570843e+02
3.01001001001001e+09	-3.60537944527147e+02,-6.31839848167646e+02
3.01101101101101e+09	-3.61872160517936e+02,-6.32282693899328e+02
3.01201201201201e+09	-3.63211100852928e+02,-6.32722993187341e+02
3.01301301301301e+09	-3.64554773957051e+02,-6.33160716247639e+02
3.01401401401401e+09	-3.65903188135326e+02,-6.33595833090123e+02
3.01501501501501e+09	-3.67256351570643e+02,-6.34028313518106e+02
3.01601601601601e+09	-3.68614272321489e+02,-6.34458127127769e+02
3.01701701701701e+09	-3.69976958319678e+02,-6.34885243307646e+02
3.01801801801802e+09	-3.71344417368057e+02,-6.35309631238130e+02
3.01901901901902e+09	-3.72716657138174e+02,-6.35731259890977e+02
3.02002002002002e+09	-3.74093685167930e+02,-6.36150098028840e+02
3.02102102102102e+09	-3.75475508859228e+02,-6.36566114204817e+02
3.02202202202202e+09	-3.76862135475566e+02,-6.36979276762010e+02
3.02302302302302e+09	-3.78253572139623e+02,-6.37389553833100e+02
3.02402402402402e+09	-3.79649825830836e+02,-6.37796913339953e+02
3.02502502502502e+09	-3.81050903382921e+02,-6.38201322993220e+02
3.02602602602602e+09	-3.82456811481398e+02,-6.38602750291977e+02
3.02702702702702e+09	-3.83867556661098e+02,-6.39001162523380e+02
3.02802802802802e+09	-3.85283145303612e+02,-6.39396526762319e+02
3.02902902902903e+09	-3.86703583634753e+02,-6.39788809871122e+02
3.03003003003003e+09	-3.88128877721975e+02,-6.40177978499248e+02
3.03103103103103e+09	-3.89559033471778e+02,-6.40563999083028e+02
3.03203203203203e+09	-3.90994056627079e+02,-6.40946837845402e+02
3.03303303303303e+09	-3.92433952764578e+02,-6.41326460795697e+02
3.03403403403403e+09	-3.93878727292082e+02,-6.41702833729410e+02
3.03503503503503e+09	-3.95328385445808e+02,-6.42075922228023e+02
3.03603603603603e+09	-3.96782932287689e+02,-6.42445691658843e+02
3.03703703703703e+09	-3.98242372702620e+02,-6.42812107174850e+02
3.03803803803803e+09	-3.99706711395696e+02,-6.43175133714582e+02
3.03903903903903e+09	-4.01175952889432e+02,-6.43534736002035e+02
3.04004004004004e+09	-4.02650101520966e+02,-6.43890878546599e+02
3.04104104104104e+09	-4.04129161439212e+02,-6.44243525643000e+02
3.04204204204204e+09	-4.05613136602017e+02,-6.44592641371284e+02
3.04304304304304e+09	-4.07102030773282e+02,-6.44938189596817e+02
3.04404404404404e+09	-4.08595847520070e+02,-6.45280133970314e+02
3.04504504504504e+09	-4.10094590209673e+02,-6.45618437927896e+02
3.04604604604604e+09	-4.11598262006673e+02,-6.45953064691166e+02
3.04704704704704e+09	-4.13106865869978e+02,-6.46283977267325e+02
3.04804804804804e+09	-4.14620404549829e+02,-6.46611138449306e+02
3.04904904904904e+09	-4.16138880584779e+02,-6.46934510815935e+02
3.05005005005004e+09	-4.17662296298686e+02,-6.47254056732138e+02
3.05105105105104e+09	-4.19190653797608e+02,-6.47569738349145e+02
3.05205205205205e+09	-4.20723954966786e+02,-6.47881517604767e+02
3.05305305305305e+09	-4.22262201467481e+02,-6.48189356223657e+02
3.05405405405405e+09	-4.23805394733891e+02,-6.48493215717641e+02
3.05505505505505e+09	-4.25353535969993e+02,-6.48793057386058e+02
3.05605605605605e+09	-4.26906626146373e+02,-6.49088842316141e+02
3.05705705705705e+09	-4.28464665997034e+02,-6.49380531383417e+02
3.05805805805805e+09	-4.30027656016211e+02,-6.49668085252173e+02
3.05905905905905e+09	-4.31595596455100e+02,-6.49951464375910e+02
3.06006006006005e+09	-4.33168487318636e+02,-6.50230628997867e+02
3.06106106106105e+09	-4.34746328362212e+02,-6.50505539151567e+02
3.06206206206205e+09	-4.36329119088373e+02,-6.50776154661392e+02
3.06306306306306e+09	-4.37916858743521e+02,-6.51042435143208e+02
3.06406406406406e+09	-4.39509546314563e+02,-6.51304340005012e+02
3.06506506506506e+09	-4.41107180525563e+02,-6.51561828447627e+02
3.06606606606606e+09	-4.42709759834377e+02,-6.51814859465428e+02
3.06706706706706e+09	-4.44317282429234e+02,-6.52063391847105e+02
3.06806806806806e+09	-4.45929746225341e+02,-6.52307384176473e+02
3.06906906906906e+09	-4.47547148861456e+02,-6.52546794833315e+02
3.07007007007006e+09	-4.49169487696407e+02,-6.52781581994257e+02
3.07107107107106e+09	-4.50796759805653e+02,-6.53011703633704e+02
3.07207207207206e+09	-4.52428961977777e+02,-6.53237117524798e+02
3.07307307307306e+09	-4.54066090710985e+02,-6.53457781240421e+02
3.07407407407407e+09	-4.55708142209577e+02,-6.53673652154250e+02
3.07507507507507e+09	-4.57355112380411e+02,-6.53884687441844e+02
3.07607607607607e+09	-4.59006996829337e+02,-6.54090844081776e+02
3.07707707707707e+09	-4.60663790857628e+02,-6.54292078856818e+02
3.07807807807807e+09	-4.62325489458381e+02,-6.54488348355155e+02
3.07907907907907e+09	-4.63992087312915e+02,-6.54679608971657e+02
3.08008008008007e+09	-4.65663578787151e+02,-6.54865816909194e+02
3.08108108108107e+09	-4.67339957927947e+02,-6.55046928179985e+02
3.08208208208207e+09	-4.69021218459483e+02,-6.55222898607018e+02
3.08308308308307e+09	-4.70707353779564e+02,-6.55393683825493e+02
3.08408408408407e+09	-4.72398356955948e+02,-6.55559239284326e+02
3.08508508508507e+09	-4.74094220722635e+02,-6.55719520247697e+02
3.08608608608608e+09	-4.75794937476196e+02,-6.55874481796660e+02
3.08708708708708e+09	-4.77500499271999e+02,-6.56024078830772e+02
3.08808808808808e+09	-4.79210897820522e+02,-6.56168266069813e+02
3.08908908908908e+09	-4.80926124483575e+02,-6.56306998055521e+02
3.09009009009008e+09	-4.82646170270550e+02,-6.56440229153402e+02
3.09109109109108e+09	-4.84371025834676e+02,-6.56567913554584e+02
3.09209209209208e+09	-4.86100681469211e+02,-6.56690005277720e+02
3.09309309309308e+09	-4.87835127103654e+02,-6.56806458170948e+02
3.09409409409408e+09	-4.89574352299975e+02,-6.56917225913909e+02
3.09509509509508e+09	-4.91318346248800e+02,-6.57022262019818e+02
3.09609609609608e+09	-4.93067097765567e+02,-6.57121519837578e+02
3.09709709709709e+09	-4.94820595286756e+02,-6.57214952553972e+02
3.09809809809809e+09	-4.96578826866016e+02,-6.57302513195888e+02
3.09909909909909e+09	-4.98341780170374e+02,-6.57384154632626e+02
3.10010010010009e+09	-5.00109442476346e+02,-6.57459829578231e+02
3.10110110110109e+09	-5.01881800666134e+02,-6.57529490593914e+02
3.10210210210209e+09	-5.03658841223768e+02,-6.57593090090522e+02
3.10310310310309e+09	-5.05440550231244e+02,-6.57650580331053e+02
3.10410410410409e+09	-5.07226913364672e+02,-6.57701913433250e+02
3.10510510510509e+09	-5.09017915890429e+02,-6.57747041372250e+02
3.10610610610609e+09	-5.10813542661297e+02,-6.57785915983286e+02
3.10710710710709e+09	-5.12613778112603e+02,-6.57818488964463e+02
3.10810810810810e+09	-5.14418606258351e+02,-6.57844711879581e+02
3.10910910910910e+09	-5.16228010687384e+02,-6.57864536161039e+02
3.11011011011010e+09	-5.18041974559515e+02,-6.57877913112784e+02
3.11111111111110e+09	-5.19860480601671e+02,-6.57884793913337e+02
3.11211211211210e+09	-5.21683511104065e+02,-6.57885129618879e+02
3.11311311311310e+09	-5.23511047916317e+02,-6.57878871166395e+02
3.11411411411410e+09	-5.25343072443634e+02,-6.57865969376896e+02
3.11511511511510e+09	-5.27179565642990e+02,-6.57846374958699e+02
3.11611611611610e+09	-5.29020508019248e+02,-6.57820038510769e+02
3.11711711711710e+09	-5.30865879621401e+02,-6.57786910526140e+02
3.11811811811810e+09	-5.32715660038709e+02,-6.57746941395391e+02
3.11911911911910e+09	-5.34569828396933e+02,-6.57700081410202e+02
3.12012012012011e+09	-5.36428363354524e+02,-6.57646280766964e+02
3.12112112112111e+09	-5.38291243098835e+02,-6.57585489570467e+02
3.12212212212211e+09	-5.40158445342379e+02,-6.57517657837660e+02
3.12312312312311e+09	-5.42029947319060e+02,-6.57442735501472e+02
3.12412412412411e+09	-5.43905725780429e+02,-6.57360672414706e+02
3.12512512512511e+09	-5.45785756991955e+02,-6.57271418354002e+02
3.12612612612611e+09	-5.47670016729342e+02,-6.57174923023884e+02
3.12712712712711e+09	-5.49558480274807e+02,-6.57071136060854e+02
3.12812812812811e+09	-5.51451122413429e+02,-6.56960007037578e+02
3.12912912912911e+09	-5.53347917429503e+02,-6.56841485467138e+02
3.13013013013011e+09	-5.55248839102865e+02,-6.56715520807348e+02
3.13113113113112e+09	-5.57153860705344e+02,-6.56582062465158e+02
3.13213213213212e+09	-5.59062954997123e+02,-6.56441059801118e+02
3.13313313313312e+09	-5.60976094223224e+02,-6.56292462133924e+02
3.13413413413412e+09	-5.62893250109931e+02,-6.56136218745028e+02
3.13513513513512e+09	-5.64814393861287e+02,-6.55972278883334e+02
3.13613613613612e+09	-5.66739496155644e+02,-6.55800591769957e+02
3.13713713713712e+09	-5.68668527142175e+02,-6.55621106603069e+02
3.13813813813812e+09	-5.70601456437471e+02,-6.55433772562802e+02
3.13913913913912e+09	-5.72538253122130e+02,-6.55238538816242e+02
3.14014014014012e+09	-5.74478885737430e+02,-6.55035354522494e+02
3.14114114114112e+09	-5.76423322281982e+02,-6.54824168837817e+02
3.14214214214213e+09	-5.78371530208435e+02,-6.54604930920837e+02
3.14314314314313e+09	-5.80323476420257e+02,-6.54377589937841e+02
3.14414414414413e+09	-5.82279127268493e+02,-6.54142095068142e+02
3.14514514514513e+09	-5.84238448548596e+02,-6.53898395509515e+02
3.14614614614613e+09	-5.86201405497306e+02,-6.53646440483722e+02
3.14714714714713e+09	-5.88167962789541e+02,-6.53386179242099e+02
3.14814814814813e+09	-5.90138084535371e+02,-6.53117561071231e+02
3.14914914914913e+09	-5.92111734276998e+02,-6.52840535298693e+02
3.15015015015013e+09	-5.94088874985806e+02,-6.52555051298877e+02
3.15115115115113e+09	-5.96069469059466e+02,-6.52261058498886e+02
3.15215215215213e+09	-5.98053478319047e+02,-6.51958506384509e+02
3.15315315315313e+09	-6.00040864006240e+02,-6.51647344506274e+02
3.15415415415414e+09	-6.02031586780584e+02,-6.51327522485572e+02
3.15515515515514e+09	-6.04025606716782e+02,-6.50998990020859e+02
3.15615615615614e+09	-6.06022883302011e+02,-6.50661696893936e+02
3.15715715715714e+09	-6.08023375433405e+02,-6.50315592976301e+02
3.15815815815814e+09	-6.10027041415448e+02,-6.49960628235578e+02
3.15915915915914e+09	-6.12033838957552e+02,-6.49596752742023e+02
3.16016016016014e+09	-6.14043725171635e+02,-6.49223916675101e+02
3.16116116116114e+09	-6.16056656569748e+02,-6.48842070330141e+02
3.16216216216214e+09	-6.18072589061839e+02,-6.48451164125066e+02
3.16316316316314e+09	-6.20091477953492e+02,-6.48051148607193e+02
3.16416416416414e+09	-6.22113277943811e+02,-6.47641974460109e+02
3.16516516516515e+09	-6.24137943123308e+02,-6.47223592510624e+02
3.16616616616615e+09	-6.26165426971927e+02,-6.46795953735791e+02
3.16716716716715e+09	-6.28195682357080e+02,-6.46359009270004e+02
3.16816816816815e+09	-6.30228661531793e+02,-6.45912710412159e+02
3.16916916916915e+09	-6.32264316132933e+02,-6.45457008632903e+02
3.17017017017015e+09	-6.34302597179483e+02,-6.44991855581934e+02
3.17117117117115e+09	-6.36343455070898e+02,-6.44517203095390e+02
3.17217217217215e+09	-6.38386839585592e+02,-6.44033003203294e+02
3.17317317317315e+09	-6.40432699879433e+02,-6.43539208137076e+02
3.17417417417415e+09	-6.42480984484385e+02,-6.43035770337163e+02
3.17517517517515e+09	-6.44531641307192e+02,-6.42522642460632e+02
3.17617617617616e+09	-6.46584617628173e+02,-6.41999777388939e+02
3.17717717717716e+09	-6.48639860100102e+02,-6.41467128235702e+02
3.17817817817816e+09	-6.50697314747164e+02,-6.40924648354567e+02
3.17917917917916e+09	-6.52756926964045e+02,-6.40372291347118e+02
3.18018018018016e+09	-6.54818641515033e+02,-6.39810011070873e+02
3.18118118118116e+09	-6.56882402533325e+02,-6.39237761647323e+02
3.18218218218216e+09	-6.58948153520337e+02,-6.38655497470047e+02
3.18318318318316e+09	-6.61015837345156e+02,-6.38063173212885e+02
3.18418418418416e+09	-6.63085396244092e+02,-6.37460743838165e+02
3.18518518518516e+09	-6.65156771820324e+02,-6.36848164605000e+02
3.18618618618616e+09	-6.67229905043644e+02,-6.36225391077630e+02
3.18718718718716e+09	-6.69304736250331e+02,-6.35592379133838e+02
3.18818818818817e+09	-6.71381205143097e+02,-6.34949084973402e+02
3.18918918918917e+09	-6.73459250791163e+02,-6.34295465126619e+02
3.19019019019017e+09	-6.75538811630454e+02,-6.33631476462873e+02
3.19119119119117e+09	-6.77619825463882e+02,-6.32957076199254e+02
3.19219219219217e+09	-6.79702229461765e+02,-6.32272221909239e+02
3.19319319319317e+09	-6.81785960162339e+02,-6.31576871531406e+02
3.19419419419417e+09	-6.83870953472405e+02,-6.30870983378213e+02
3.19519519519517e+09	-6.85957144668088e+02,-6.30154516144809e+02
3.19619619619617e+09	-6.88044468395719e+02,-6.29427428917901e+02
3.19719719719717e+09	-6.90132858672853e+02,-6.28689681184658e+02
3.19819819819817e+09	-6.92222248889320e+02,-6.27941232841663e+02
3.19919919919918e+09	-6.94312571808582e+02,-6.27182044203900e+02
3.20020020020018e+09	-6.96403759569016e+02,-6.26412076013784e+02
3.20120120120118e+09	-6.98495743685476e+02,-6.25631289450222e+02
3.20220220220218e+09	-7.00588455050879e+02,-6.24839646137725e+02
3.20320320320318e+09	-7.02681823938001e+02,-6.24037108155530e+02
3.20420420420418e+09	-7.04775780001364e+02,-6.23223638046777e+02
3.20520520520518e+09	-7.06870252279241e+02,-6.22399198827703e+02
3.20620620620618e+09	-7.08965169195845e+02,-6.21563753996871e+02
3.20720720720718e+09	-7.11060458563623e+02,-6.20717267544414e+02
3.20820820820818e+09	-7.13156047585672e+02,-6.19859703961327e+02
3.20920920920918e+09	-7.15251862858343e+02,-6.18991028248750e+02
3.21021021021019e+09	-7.17347830373945e+02,-6.18111205927300e+02
3.21121121121119e+09	-7.19443875523584e+02,-6.17220203046408e+02
3.21221221221219e+09	-7.21539923100194e+02,-6.16317986193665e+02
3.21321321321319e+09	-7.23635897301664e+02,-6.15404522504207e+02
3.21421421421419e+09	-7.25731721734124e+02,-6.14479779670085e+02
3.21521521521519e+09	-7.27827319415397e+02,-6.13543725949655e+02
3.21621621621619e+09	-7.29922612778562e+02,-6.12596330176987e+02
3.21721721721719e+09	-7.32017523675703e+02,-6.11637561771260e+02
3.21821821821819e+09	-7.34111973381793e+02,-6.10667390746172e+02
3.21921921921919e+09	-7.36205882598696e+02,-6.09685787719351e+02
3.22022022022019e+09	-7.38299171459404e+02,-6.08692723921753e+02
3.22122122122119e+09	-7.40391759532322e+02,-6.07688171207074e+02
3.22222222222220e+09	-7.42483565825804e+02,-6.06672102061133e+02
3.22322322322320e+09	-7.44574508792750e+02,-6.05644489611273e+02
3.22422422422420e+09	-7.46664506335463e+02,-6.04605307635717e+02
3.22522522522520e+09	-7.48753475810574e+02,-6.03554530572937e+02
3.22622622622620e+09	-7.50841334034158e+02,-6.02492133531000e+02
3.22722722722720e+09	-7.52927997287008e+02,-6.01418092296883e+02
3.22822822822820e+09	-7.55013381320083e+02,-6.00332383345776e+02
3.22922922922920e+09	-7.57097401360075e+02,-5.99234983850359e+02
3.23023023023020e+09	-7.59179972115186e+02,-5.98125871690041e+02
3.23123123123120e+09	-7.61261007781009e+02,-5.97005025460193e+02
3.23223223223220e+09	-7.63340422046619e+02,-5.95872424481318e+02
3.23323323323321e+09	-7.65418128100810e+02,-5.94728048808197e+02
3.23423423423421e+09	-7.67494038638468e+02,-5.93571879239005e+02
3.23523523523521e+09	-7.69568065867153e+02,-5.92403897324375e+02
3.23623623623621e+09	-7.71640121513799e+02,-5.91224085376412e+02
3.23723723723721e+09	-7.73710116831603e+02,-5.90032426477676e+02
3.23823823823821e+09	-7.75777962607079e+02,-5.88828904490092e+02
3.23923923923921e+09	-7.77843569167240e+02,-5.87613504063830e+02
3.24024024024021e+09	-7.79906846386993e+02,-5.86386210646110e+02
3.24124124124121e+09	-7.81967703696665e+02,-5.85147010489952e+02
3.24224224224221e+09	-7.84026050089683e+02,-5.83895890662870e+02
3.24324324324321e+09	-7.86081794130475e+02,-5.82632839055479e+02
3.24424424424422e+09	-7.88134843962441e+02,-5.81357844390073e+02
3.24524524524522e+09	-7.90185107316170e+02,-5.80070896229082e+02
3.24624624624622e+09	-7.92232491517773e+02,-5.78771984983489e+02
3.24724724724722e+09	-7.94276903497401e+02,-5.77461101921154e+02
3.24824824824822e+09	-7.96318249797916e+02,-5.76138239175050e+02
3.24924924924922e+09	-7.98356436583709e+02,-5.74803389751443e+02
3.25025025025022e+09	-8.00391369649705e+02,-5.73456547537935e+02
3.25125125125122e+09	-8.02422954430486e+02,-5.72097707311479e+02
3.25225225225222e+09	-8.04451096009676e+02,-5.70726864746219e+02
3.25325325325322e+09	-8.06475699129312e+02,-5.69344016421322e+02
3.25425425425422e+09	-8.08496668199539e+02,-5.67949159828638e+02
3.25525525525522e+09	-8.10513907308383e+02,-5.66542293380286e+02
3.25625625625623e+09	-8.12527320231668e+02,-5.65123416416137e+02
3.25725725725723e+09	-8.14536810443137e+02,-5.63692529211166e+02
3.25825825825823e+09	-8.16542281124684e+02,-5.62249632982711e+02
3.25925925925923e+09	-8.18543635176772e+02,-5.60794729897601e+02
3.26026026026023e+09	-8.20540775228959e+02,-5.59327823079171e+02
3.26126126126123e+09	-8.22533603650655e+02,-5.57848916614141e+02
3.26226226226223e+09	-8.24522022561893e+02,-5.56358015559399e+02
3.26326326326323e+09	-8.26505933844431e+02,-5.54855125948597e+02
3.26426426426423e+09	-8.28485239152802e+02,-5.53340254798687e+02
3.26526526526523e+09	-8.30459839925665e+02,-5.51813410116260e+02
3.26626626626623e+09	-8.32429637397216e+02,-5.50274600903775e+02
3.26726726726724e+09	-8.34394532608796e+02,-5.48723837165617e+02
3.26826826826824e+09	-8.36354426420534e+02,-5.47161129914076e+02
3.26926926926924e+09	-8.38309219523280e+02,-5.45586491175083e+02
3.27027027027024e+09	-8.40258812450545e+02,-5.43999933993865e+02
3.27127127127124e+09	-8.42203105590639e+02,-5.42401472440415e+02
3.27227227227224e+09	-8.44141999198904e+02,-5.40791121614819e+02
3.27327327327324e+09	-8.46075393410142e+02,-5.39168897652386e+02
3.27427427427424e+09	-8.48003188251070e+02,-5.37534817728670e+02
3.27527527527524e+09	-8.49925283652988e+02,-5.35888900064278e+02
3.27627627627624e+09	-8.51841579464534e+02,-5.34231163929519e+02
3.27727727727724e+09	-8.53751975464556e+02,-5.32561629648891e+02
3.27827827827824e+09	-8.55656371375088e+02,-5.30880318605393e+02
3.27927927927925e+09	-8.57554666874517e+02,-5.29187253244621e+02
3.28028028028025e+09	-8.59446761610733e+02,-5.27482457078744e+02
3.28128128128125e+09	-8.61332555214514e+02,-5.25765954690237e+02
3.28228228228225e+09	-8.63211947312946e+02,-5.24037771735465e+02
3.28328328328325e+09	-8.65084837542981e+02,-5.22297934948043e+02
3.28428428428425e+09	-8.66951125565036e+02,-5.20546472142061e+02
3.28528528528525e+09	-8.68810711076817e+02,-5.18783412215021e+02
3.28628628628625e+09	-8.70663493827068e+02,-5.17008785150684e+02
3.28728728728725e+09	-8.72509373629566e+02,-5.15222622021623e+02
3.28828828828825e+09	-8.74348250377129e+02,-5.13424954991623e+02
3.28928928928925e+09	-8.76180024055677e+02,-5.11615817317884e+02
3.29029029029026e+09	-8.78004594758480e+02,-5.09795243352963e+02
3.29129129129126e+09	-8.79821862700378e+02,-5.07963268546572e+02
3.29229229229226e+09	-8.81631728232151e+02,-5.06119929447104e+02
3.29329329329326e+09	-8.83434091854920e+02,-5.04265263702990e+02
3.29429429429426e+09	-8.85228854234629e+02,-5.02399310063811e+02
3.29529529529526e+09	-8.87015916216587e+02,-5.00522108381211e+02
3.29629629629626e+09	-8.88795178840084e+02,-4.98633699609572e+02
3.29729729729726e+09	-8.90566543353062e+02,-4.96734125806465e+02
3.29829829829826e+09	-8.92329911226821e+02,-4.94823430132903e+02
3.29929929929926e+09	-8.94085184170781e+02,-4.92901656853342e+02
3.30030030030026e+09	-8.95832264147319e+02,-4.90968851335462e+02
3.30130130130127e+09	-8.97571053386602e+02,-4.89025060049713e+02
3.30230230230227e+09	-8.99301454401514e+02,-4.87070330568636e+02
3.30330330330327e+09	-9.01023370002528e+02,-4.85104711565962e+02
3.30430430430427e+09	-9.02736703312731e+02,-4.83128252815447e+02
3.30530530530527e+09	-9.04441357782739e+02,-4.81141005189510e+02
3.30630630630627e+09	-9.06137237205758e+02,-4.79143020657597e+02
3.30730730730727e+09	-9.07824245732589e+02,-4.77134352284316e+02
3.30830830830827e+09	-9.09502287886622e+02,-4.75115054227385e+02
3.30930930930927e+09	-9.11171268578960e+02,-4.73085181735229e+02
3.31031031031027e+09	-9.12831093123385e+02,-4.71044791144466e+02
3.31131131131127e+09	-9.14481667251469e+02,-4.68993939877042e+02
3.31231231231227e+09	-9.16122897127563e+02,-4.66932686437206e+02
3.31331331331328e+09	-9.17754689363870e+02,-4.64861090408182e+02
3.31431431431428e+09	-9.19376951035456e+02,-4.62779212448623e+02
3.31531531531528e+09	-9.20989589695249e+02,-4.60687114288827e+02
3.31631631631628e+09	-9.22592513389015e+02,-4.58584858726704e+02
3.31731731731728e+09	-9.24185630670312e+02,-4.56472509623482e+02
3.31831831831828e+09	-9.25768850615437e+02,-4.54350131899183e+02
3.31931931931928e+09	-9.27342082838272e+02,-4.52217791527863e+02
3.32032032032028e+09	-9.28905237505163e+02,-4.50075555532578e+02
3.32132132132128e+09	-9.30458225349694e+02,-4.47923491980139e+02
3.32232232232228e+09	-9.32000957687460e+02,-4.45761669975603e+02
3.32332332332328e+09	-9.33533346430744e+02,-4.43590159656507e+02
3.32432432432429e+09	-9.35055304103167e+02,-4.41409032186891e+02
3.32532532532529e+09	-9.36566743854249e+02,-4.39218359751055e+02
3.32632632632629e+09	-9.38067579473940e+02,-4.37018215547057e+02
3.32732732732729e+09	-9.39557725406985e+02,-4.34808673780045e+02
3.32832832832829e+09	-9.41037096767383e+02,-4.32589809655206e+02
3.32932932932929e+09	-9.42505609352554e+02,-4.30361699370642e+02
3.33033033033029e+09	-9.43963179657574e+02,-4.28124420109889e+02
3.33133133133129e+09	-9.45409724889285e+02,-4.25878050034208e+02
3.33233233233229e+09	-9.46845162980237e+02,-4.23622668274718e+02
3.33333333333329e+09	-9.48269412602642e+02,-4.21358354924188e+02
3.33433433433429e+09	-9.49682393182112e+02,-4.19085191028676e+02
3.33533533533530e+09	-9.51084024911383e+02,-4.16803258578890e+02
3.33633633633630e+09	-9.52474228763842e+02,-4.14512640501337e+02
3.33733733733730e+09	-9.53852926507012e+02,-4.12213420649221e+02
3.33833833833830e+09	-9.55220040715842e+02,-4.09905683793159e+02
3.33933933933930e+09	-9.56575494785923e+02,-4.07589515611597e+02
3.34034034034030e+09	-9.57919212946552e+02,-4.05265002681072e+02
3.34134134134130e+09	-9.59251120273645e+02,-4.02932232466215e+02
3.34234234234230e+09	-9.60571142702518e+02,-4.00591293309560e+02
3.34334334334330e+09	-9.61879207040569e+02,-3.98242274421067e+02
3.34434434434430e+09	-9.63175240979688e+02,-3.95885265867570e+02
3.34534534534530e+09	-9.64459173108689e+02,-3.93520358561817e+02
3.34634634634630e+09	-9.65730932925423e+02,-3.91147644251474e+02
3.34734734734731e+09	-9.66990450848801e+02,-3.88767215507849e+02
3.34834834834831e+09	-9.68237658230672e+02,-3.86379165714379e+02
3.34934934934931e+09	-9.69472487367473e+02,-3.83983589054988e+02
3.35035035035031e+09	-9.70694871511760e+02,-3.81580580502176e+02
3.35135135135131e+09	-9.71904744883503e+02,-3.79170235804973e+02
3.35235235235231e+09	-9.73102042681261e+02,-3.76752651476650e+02
3.35335335335331e+09	-9.74286701093117e+02,-3.74327924782277e+02
3.35435435435431e+09	-9.75458657307464e+02,-3.71896153726061e+02
3.35535535535531e+09	-9.76617849523569e+02,-3.69457437038534e+02
3.35635635635631e+09	-9.77764216961966e+02,-3.67011874163526e+02
3.35735735735731e+09	-9.78897699874599e+02,-3.64559565245022e+02
3.35835835835832e+09	-9.80018239554855e+02,-3.62100611113733e+02
3.35935935935932e+09	-9.81125778347257e+02,-3.59635113273665e+02
3.36036036036032e+09	-9.82220259657097e+02,-3.57163173888333e+02
3.36136136136132e+09	-9.83301627959708e+02,-3.54684895766990e+02
3.36236236236232e+09	-9.84369828809641e+02,-3.52200382350549e+02
3.36336336336332e+09	-9.85424808849541e+02,-3.49709737697474e+02
3.36436436436432e+09	-9.86466515818836e+02,-3.47213066469430e+02
3.36536536536532e+09	-9.87494898562197e+02,-3.44710473916846e+02
3.36636636636632e+09	-9.88509907037759e+02,-3.42202065864308e+02
3.36736736736732e+09	-9.89511492325114e+02,-3.39687948695822e+02
3.36836836836832e+09	-9.90499606633069e+02,-3.37168229339959e+02
3.36936936936933e+09	-9.91474203307193e+02,-3.34643015254819e+02
3.37037037037033e+09	-9.92435236837078e+02,-3.32112414412941e+02
3.37137137137133e+09	-9.93382662863381e+02,-3.29576535286073e+02
3.37237237237233e+09	-9.94316438184635e+02,-3.27035486829785e+02
3.37337337337333e+09	-9.95236520763792e+02,-3.24489378468018e+02
3.37437437437433e+09	-9.96142869734540e+02,-3.21938320077515e+02
3.37537537537533e+09	-9.97035445407343e+02,-3.19382421972135e+02
3.37637637637633e+09	-9.97914209275254e+02,-3.16821794887096e+02
3.37737737737733e+09	-9.98779124019463e+02,-3.14256549963100e+02
3.37837837837833e+09	-9.99630153514577e+02,-3.11686798730405e+02
3.37937937937933e+09	-1.00046726283367e+03,-3.09112653092782e+02
3.38038038038033e+09	-1.00129041825305e+03,-3.06534225311386e+02
3.38138138138134e+09	-1.00209958725680e+03,-3.03951627988617e+02
3.38238238238234e+09	-1.00289473854100e+03,-3.01364974051848e+02
3.38338338338334e+09	-1.00367584201774e+03,-2.98774376737111e+02
3.38438438438434e+09	-1.00444286881885e+03,-2.96179949572739e+02
3.38538538538534e+09	-1.00519579129936e+03,-2.93581806362935e+02
3.38638638638634e+09	-1.00593458304071e+03,-2.90980061171319e+02
3.38738738738734e+09	-1.00665921885367e+03,-2.88374828304403e+02
3.38838838838834e+09	-1.00736967478105e+03,-2.85766222295027e+02
3.38938938938934e+09	-1.00806592810001e+03,-2.83154357885832e+02
3.39039039039034e+09	-1.00874795732431e+03,-2.80539350012581e+02
3.39139139139134e+09	-1.00941574220609e+03,-2.77921313787571e+02
3.39239239239235e+09	-1.01006926373751e+03,-2.75300364482956e+02
3.39339339339335e+09	-1.01070850415206e+03,-2.72676617514130e+02
3.39439439439435e+09	-1.01133344692562e+03,-2.70050188422987e+02
3.39539539539535e+09	-1.01194407677729e+03,-2.67421192861314e+02
3.39639639639635e+09	-1.01254037966986e+03,-2.64789746574079e+02
3.39739739739735e+09	-1.01312234281013e+03,-2.62155965382769e+02
3.39839839839835e+09	-1.01368995464884e+03,-2.59519965168787e+02
3.39939939939935e+09	-1.01424320488046e+03,-2.56881861856741e+02
3.40040040040035e+09	-1.01478208444257e+03,-2.54241771397908e+02
3.40140140140135e+09	-1.01530658551517e+03,-2.51599809753584e+02
3.40240240240235e+09	-1.01581670151947e+03,-2.48956092878591e+02
3.40340340340336e+09	-1.01631242711669e+03,-2.46310736704724e+02
3.40440440440436e+09	-1.01679375820638e+03,-2.43663857124279e+02
3.40540540540536e+09	-1.01726069192459e+03,-2.41015569973659e+02
3.40640640640636e+09	-1.01771322664178e+03,-2.38365991016955e+02
3.40740740740736e+09	-1.01815136196041e+03,-2.35715235929668e+02
3.40840840840836e+09	-1.01857509871233e+03,-2.33063420282420e+02
3.40940940940936e+09	-1.01898443895589e+03,-2.30410659524762e+02
3.41041041041036e+09	-1.01937938597282e+03,-2.27757068969097e+02
3.41141141141136e+09	-1.01975994426480e+03,-2.25102763774568e+02
3.41241241241236e+09	-1.02012611954988e+03,-2.22447858931131e+02
3.41341341341336e+09	-1.02047791875853e+03,-2.19792469243670e+02
3.41441441441436e+09	-1.02081535002955e+03,-2.17136709316173e+02
3.41541541541537e+09	-1.02113842270566e+03,-2.14480693536074e+02
3.41641641641637e+09	-1.02144714732894e+03,-2.11824536058589e+02
3.41741741741737e+09	-1.02174153563588e+03,-2.09168350791268e+02
3.41841841841837e+09	-1.02202160055239e+03,-2.06512251378542e+02
3.41941941941937e+09	-1.02228735618837e+03,-2.03856351186492e+02
3.42042042042037e+09	-1.02253881783223e+03,-2.01200763287606e+02
3.42142142142137e+09	-1.02277600194506e+03,-1.98545600445766e+02
3.42242242242237e+09	-1.02299892615461e+03,-1.95890975101320e+02
3.42342342342337e+09	-1.02320760924906e+03,-1.93236999356202e+02
3.42442442442437e+09	-1.02340207117058e+03,-1.90583784959344e+02
3.42542542542537e+09	-1.02358233300860e+03,-1.87931443292030e+02
3.42642642642638e+09	-1.02374841699297e+03,-1.85280085353570e+02
3.42742742742738e+09	-1.02390034648681e+03,-1.82629821746965e+02
3.42842842842838e+09	-1.02403814597921e+03,-1.79980762664799e+02
3.42942942942938e+09	-1.02416184107773e+03,-1.77333017875279e+02
3.43043043043038e+09	-1.02427145850065e+03,-1.74686696708370e+02
3.43143143143138e+09	-1.02436702606905e+03,-1.72041908042134e+02
3.43243243243238e+09	-1.02444857269871e+03,-1.69398760289215e+02
3.43343343343338e+09	-1.02451612839180e+03,-1.66757361383460e+02
3.43443443443438e+09	-1.02456972422833e+03,-1.64117818766766e+02
3.43543543543538e+09	-1.02460939235755e+03,-1.61480239375983e+02
3.43643643643638e+09	-1.02463516598902e+03,-1.58844729630121e+02
3.43743743743739e+09	-1.02464707938360e+03,-1.56211395417635e+02
3.43843843843839e+09	-1.02464516784421e+03,-1.53580342083878e+02
3.43943943943939e+09	-1.02462946770646e+03,-1.50951674418824e+02
3.44044044044039e+09	-1.02460001632909e+03,-1.48325496644882e+02
3.44144144144139e+09	-1.02455685208424e+03,-1.45701912404917e+02
3.44244244244239e+09	-1.02450001434759e+03,-1.43081024750455e+02
3.44344344344339e+09	-1.02442954348831e+03,-1.40462936130129e+02
3.44444444444439e+09	-1.02434548085892e+03,-1.37847748378175e+02
3.44544544544539e+09	-1.02424786878488e+03,-1.35235562703322e+02
3.44644644644639e+09	-1.02413675055420e+03,-1.32626479677664e+02
3.44744744744739e+09	-1.02401217040677e+03,-1.30020599225893e+02
3.44844844844839e+09	-1.02387417352362e+03,-1.27418020614621e+02
3.44944944944940e+09	-1.02372280601607e+03,-1.24818842441976e+02
3.45045045045040e+09	-1.02355811491469e+03,-1.22223162627330e+02
3.45145145145140e+09	-1.02338014815818e+03,-1.19631078401303e+02
3.45245245245240e+09	-1.02318895458210e+03,-1.17042686295881e+02
3.45345345345340e+09	-1.02298458390756e+03,-1.14458082134843e+02
3.45445445445440e+09	-1.02276708672966e+03,-1.11877361024316e+02
3.45545545545540e+09	-1.02253651450600e+03,-1.09300617343527e+02
3.45645645645640e+09	-1.02229291954491e+03,-1.06727944735873e+02
3.45745745745740e+09	-1.02203635499372e+03,-1.04159436100044e+02
3.45845845845840e+09	-1.02176687482685e+03,-1.01595183581500e+02
3.45945945945940e+09	-1.02148453383388e+03,-9.90352785640548e+01
3.46046046046041e+09	-1.02118938760743e+03,-9.64798116617545e+01
3.46146146146141e+09	-1.02088149253108e+03,-9.39288727108762e+01
3.46246246246241e+09	-1.02056090576714e+03,-9.13825507622345e+01
3.46346346346341e+09	-1.02022768524434e+03,-8.88409340736384e+01
3.46446446446441e+09	-1.01988188964549e+03,-8.63041101025714e+01
3.46546546546541e+09	-1.01952357839506e+03,-8.37721654991392e+01
3.46646646646641e+09	-1.01915281164666e+03,-8.12451860991457e+01
3.46746746746741e+09	-1.01876965027054e+03,-7.87232569174293e+01
3.46846846846841e+09	-1.01837415584097e+03,-7.62064621414418e+01
3.46946946946941e+09	-1.01796639062358e+03,-7.36948851249998e+01
3.47047047047041e+09	-1.01754641756269e+03,-7.11886083822503e+01
3.47147147147142e+09	-1.01711430026857e+03,-6.86877135818861e+01
3.47247247247242e+09	-1.01667010300468e+03,-6.61922815415267e+01
3.47347347347342e+09	-1.01621389067481e+03,-6.37023922223592e+01
3.47447447447442e+09	-1.01574572881033e+03,-6.12181247239771e+01
3.47547547547542e+09	-1.01526568355725e+03,-5.87395572794276e+01
3.47647647647642e+09	-1.01477382166340e+03,-5.62667672504303e+01
3.47747747747742e+09	-1.01427021046550e+03,-5.37998311229323e+01
3.47847847847842e+09	-1.01375491787622e+03,-5.13388245027200e+01
3.47947947947942e+09	-1.01322801237131e+03,-4.88838221113383e+01
3.48048048048042e+09	-1.01268956297662e+03,-4.64348977822141e+01
3.48148148148142e+09	-1.01213963925520e+03,-4.39921244569125e+01
3.48248248248242e+09	-1.01157831129432e+03,-4.15555741817417e+01
3.48348348348343e+09	-1.01100564969258e+03,-3.91253181044074e+01
3.48448448448443e+09	-1.01042172554698e+03,-3.67014264709740e+01
3.48548548548543e+09	-1.00982661043998e+03,-3.42839686230004e+01
3.48648648648643e+09	-1.00922037642661e+03,-3.18730129948825e+01
3.48748748748743e+09	-1.00860309602162e+03,-2.94686271113920e+01
3.48848848848843e+09	-1.00797484218658e+03,-2.70708775854054e+01
3.48948948948943e+09	-1.00733568831708e+03,-2.46798301158793e+01
3.49049049049043e+09	-1.00668570822987e+03,-2.22955494859394e+01
3.49149149149143e+09	-1.00602497615016e+03,-1.99180995612782e+01
3.49249249249243e+09	-1.00535356669880e+03,-1.75475432886238e+01
3.49349349349343e+09	-1.00467155487964e+03,-1.51839426944970e+01
3.49449449449444e+09	-1.00397901606681e+03,-1.28273588841248e+01
3.49549549549544e+09	-1.00327602599215e+03,-1.04778520405256e+01
3.49649649649644e+09	-1.00256266073260e+03,-8.13548142381779e+00
3.49749749749744e+09	-1.00183899669769e+03,-5.80030537067733e+00
3.49849849849844e+09	-1.00110511061706e+03,-3.47238129401371e+00
3.49949949949944e+09	-1.00036107952805e+03,-1.15176568281374e+00
3.50050050050044e+09	-9.99606980763343e+02,1.16148589784878e+00
3.50150150150144e+09	-9.98842891938655e+02,3.46731880660186e+00
3.50250250250244e+09	-9.98068890940501e+02,5.76567932541327e+00
3.50350350350344e+09	-9.97285055914034e+02,8.05651465900985e+00
3.50450450450444e+09	-9.96491465250932e+02,1.03397729341938e+01
3.50550550550545e+09	-9.95688197577372e+02,1.26154031989188e+01
3.50650650650645e+09	-9.94875331742071e+02,1.48833554212396e+01
3.50750750750745e+09	-9.94052946804405e+02,1.71435804881039e+01
3.50850850850845e+09	-9.93221122022601e+02,1.93960302039399e+01
3.50950950950945e+09	-9.92379936842013e+02,2.16406572891123e+01
3.51051051051045e+09	-9.91529470883485e+02,2.38774153782224e+01
3.51151151151145e+09	-9.90669803931782e+02,2.61062590182467e+01
3.51251251251245e+09	-9.89801015924125e+02,2.83271436665110e+01
3.51351351351345e+09	-9.88923186938813e+02,3.05400256885175e+01
3.51451451451445e+09	-9.88036397183920e+02,3.27448623556271e+01
3.51551551551545e+09	-9.87140726986103e+02,3.49416118426120e+01
3.51651651651645e+09	-9.86236256779490e+02,3.71302332250226e+01
3.51751751751746e+09	-9.85323067094669e+02,3.93106864764458e+01
3.51851851851846e+09	-9.84401238547779e+02,4.14829324656272e+01
3.51951951951946e+09	-9.83470851829702e+02,4.36469329533981e+01
3.52052052052046e+09	-9.82531987695332e+02,4.58026505895817e+01
3.52152152152146e+09	-9.81584726952986e+02,4.79500489096450e+01
3.52252252252246e+09	-9.80629150453889e+02,5.00890923312806e+01
3.52352352352346e+09	-9.79665339081765e+02,5.22197461508770e+01
3.52452452452446e+09	-9.78693373742555e+02,5.43419765398404e+01
3.52552552552546e+09	-9.77713335354231e+02,5.64557505407694e+01
3.52652652652646e+09	-9.76725304836708e+02,5.85610360635731e+01
3.52752752752746e+09	-9.75729363101886e+02,6.06578018814310e+01
3.52852852852847e+09	-9.74725591043798e+02,6.27460176266075e+01
3.52952952952947e+09	-9.73714069528860e+02,6.48256537862512e+01
3.53053053053047e+09	-9.72694879386251e+02,6.68966816979810e+01
3.53153153153147e+09	-9.71668101398393e+02,6.89590735454282e+01
3.53253253253247e+09	-9.70633816291557e+02,7.10128023536638e+01
3.53353353353347e+09	-9.69592104726582e+02,7.30578419844979e+01
3.53453453453447e+09	-9.68543047289710e+02,7.50941671317116e+01
3.53553553553547e+09	-9.67486724483543e+02,7.71217533161756e+01
3.53653653653647e+09	-9.66423216718113e+02,7.91405768809045e+01
3.53753753753747e+09	-9.65352604302080e+02,8.11506149859362e+01
3.53853853853847e+09	-9.64274967434037e+02,8.31518456032529e+01
3.53953953953947e+09	-9.63190386193954e+02,8.51442475114680e+01
3.54054054054048e+09	-9.62098940534725e+02,8.71278002905899e+01
3.54154154154148e+09	-9.61000710273849e+02,8.91024843165340e+01
3.54254254254248e+09	-9.59895775085230e+02,9.10682807556968e+01
3.54354354354348e+09	-9.58784214491094e+02,9.30251715593757e+01
3.54454454454448e+09	-9.57666107854040e+02,9.49731394581364e+01
3.54554554554548e+09	-9.56541534369200e+02,9.69121679561212e+01
3.54654654654648e+09	-9.55410573056539e+02,9.88422413252515e+01
3.54754754754748e+09	-9.54273302753261e+02,1.00763344599403e+02
3.54854854854848e+09	-9.53129802106345e+02,1.02675463568530e+02
3.54954954954948e+09	-9.51980149565227e+02,1.04578584772619e+02
3.55055055055048e+09	-9.50824423374562e+02,1.06472695495732e+02
3.55155155155149e+09	-9.49662701567145e+02,1.08357783759898e+02
3.55255255255249e+09	-9.48495061956947e+02,1.10233838318974e+02
3.55355355355349e+09	-9.47321582132265e+02,1.12100848652457e+02
3.55455455455449e+09	-9.46142339449011e+02,1.13958804959217e+02
3.55555555555549e+09	-9.44957411024113e+02,1.15807698151249e+02
3.55655655655649e+09	-9.43766873729035e+02,1.17647519847304e+02
3.55755755755749e+09	-9.42570804183451e+02,1.19478262366511e+02
3.55855855855849e+09	-9.41369278749000e+02,1.21299918721945e+02
3.55955955955949e+09	-9.40162373523185e+02,1.23112482614208e+02
3.56056056056049e+09	-9.38950164333402e+02,1.24915948424868e+02
3.56156156156149e+09	-9.37732726731068e+02,1.26710311209977e+02
3.56256256256250e+09	-9.36510135985902e+02,1.28495566693454e+02
3.56356356356350e+09	-9.35282467080287e+02,1.30271711260547e+02
3.56456456456450e+09	-9.34049794703800e+02,1.32038741951122e+02
3.56556556556550e+09	-9.32812193247813e+02,1.33796656453095e+02
3.56656656656650e+09	-9.31569736800252e+02,1.35545453095686e+02
3.56756756756750e+09	-9.30322499140461e+02,1.37285130842740e+02
3.56856856856850e+09	-9.29070553734179e+02,1.39015689286014e+02
3.56956956956950e+09	-9.27813973728644e+02,1.40737128638402e+02
3.57057057057050e+09	-9.26552831947808e+02,1.42449449727207e+02
3.57157157157150e+09	-9.25287200887682e+02,1.44152653987335e+02
3.57257257257250e+09	-9.24017152711770e+02,1.45846743454522e+02
3.57357357357350e+09	-9.22742759246651e+02,1.47531720758525e+02
3.57457457457451e+09	-9.21464091977653e+02,1.49207589116312e+02
3.57557557557551e+09	-9.20181222044648e+02,1.50874352325235e+02
3.57657657657651e+09	-9.18894220237959e+02,1.52532014756217e+02
3.57757757757751e+09	-9.17603156994386e+02,1.54180581346893e+02
3.57857857857851e+09	-9.16308102393330e+02,1.55820057594801e+02
3.57957957957951e+09	-9.15009126153044e+02,1.57450449550528e+02
3.58058058058051e+09	-9.13706297626978e+02,1.59071763810883e+02
3.58158158158151e+09	-9.12399685800243e+02,1.60684007512051e+02
3.58258258258251e+09	-9.11089359286181e+02,1.62287188322772e+02
3.58358358358351e+09	-9.09775386323048e+02,1.63881314437490e+02
3.58458458458451e+09	-9.08457834770781e+02,1.65466394569564e+02
3.58558558558552e+09	-9.07136772107899e+02,1.67042437944432e+02
3.58658658658652e+09	-9.05812265428497e+02,1.68609454292799e+02
3.58758758758752e+09	-9.04484381439336e+02,1.70167453843853e+02
3.58858858858852e+09	-9.03153186457032e+02,1.71716447318507e+02
3.58958958958952e+09	-9.01818746405390e+02,1.73256445922548e+02
3.59059059059052e+09	-9.00481126812753e+02,1.74787461340001e+02
3.59159159159152e+09	-8.99140392809551e+02,1.76309505726278e+02
3.59259259259252e+09	-8.97796609125869e+02,1.77822591701513e+02
3.59359359359352e+09	-8.96449840089151e+02,1.79326732343849e+02
3.59459459459452e+09	-8.95100149621992e+02,1.80821941182750e+02
3.59559559559552e+09	-8.93747601240028e+02,1.82308232192324e+02
3.59659659659653e+09	-8.92392258049912e+02,1.83785619784698e+02
3.59759759759753e+09	-8.91034182747387e+02,1.85254118803392e+02
3.59859859859853e+09	-8.89673437615456e+02,1.86713744516723e+02
3.59959959959953e+09	-8.88310084522636e+02,1.88164512611243e+02
3.60060060060053e+09	-8.86944184921309e+02,1.89606439185160e+02
3.60160160160153e+09	-8.85575799846157e+02,1.91039540741868e+02
3.60260260260253e+09	-8.84204989912675e+02,1.92463834183426e+02
3.60360360360353e+09	-8.82831815315797e+02,1.93879336804102e+02
3.60460460460453e+09	-8.81456335828575e+02,1.95286066283967e+02
3.60560560560553e+09	-8.80078610800966e+02,1.96684040682456e+02
3.60660660660653e+09	-8.78698699158698e+02,1.98073278432030e+02
3.60760760760753e+09	-8.77316659402205e+02,1.99453798331831e+02
3.60860860860854e+09	-8.75932549605660e+02,2.00825619541375e+02
3.60960960960954e+09	-8.74546427416072e+02,2.02188761574299e+02
3.61061061061054e+09	-8.73158350052475e+02,2.03543244292124e+02
3.61161161161154e+09	-8.71768374305186e+02,2.04889087898052e+02
3.61261261261254e+09	-8.70376556535147e+02,2.06226312930803e+02
3.61361361361354e+09	-8.68982952673328e+02,2.07554940258517e+02
3.61461461461454e+09	-8.67587618220222e+02,2.08874991072640e+02
3.61561561561554e+09	-8.66190608245396e+02,2.10186486881904e+02
3.61661661661654e+09	-8.64791977387138e+02,2.11489449506287e+02
3.61761761761754e+09	-8.63391779852126e+02,2.12783901071100e+02
3.61861861861854e+09	-8.61990069415244e+02,2.14069864000991e+02
3.61961961961955e+09	-8.60586899419379e+02,2.15347361014131e+02
3.62062062062055e+09	-8.59182322775357e+02,2.16616415116312e+02
3.62162162162155e+09	-8.57776391961898e+02,2.17877049595189e+02
3.62262262262255e+09	-8.56369159025665e+02,2.19129288014489e+02
3.62362362362355e+09	-8.54960675581360e+02,2.20373154208317e+02
3.62462462462455e+09	-8.53550992811885e+02,2.21608672275476e+02
3.62562562562555e+09	-8.52140161468588e+02,2.22835866573824e+02
3.62662662662655e+09	-8.50728231871517e+02,2.24054761714720e+02
3.62762762762755e+09	-8.49315253909792e+02,2.25265382557470e+02
3.62862862862855e+09	-8.47901277042009e+02,2.26467754203810e+02
3.62962962962955e+09	-8.46486350296676e+02,2.27661901992509e+02
3.63063063063056e+09	-8.45070522272768e+02,2.28847851493914e+02
3.63163163163156e+09	-8.43653841140277e+02,2.30025628504617e+02
3.63263263263256e+09	-8.42236354640831e+02,2.31195259042171e+02
3.63363363363356e+09	-8.40818110088410e+02,2.32356769339754e+02
3.63463463463456e+09	-8.39399154370037e+02,2.33510185841039e+02
3.63563563563556e+09	-8.37979533946598e+02,2.34655535194947e+02
3.63663663663656e+09	-8.36559294853638e+02,2.35792844250594e+02
3.63763763763756e+09	-8.35138482702277e+02,2.36922140052163e+02
3.63863863863856e+09	-8.33717142680120e+02,2.38043449833906e+02
3.63963963963956e+09	-8.32295319552236e+02,2.39156801015157e+02
3.64064064064056e+09	-8.30873057662191e+02,2.40262221195399e+02
3.64164164164156e+09	-8.29450400933094e+02,2.41359738149400e+02
3.64264264264257e+09	-8.28027392868736e+02,2.42449379822344e+02
3.64364364364357e+09	-8.26604076554715e+02,2.43531174325087e+02
3.64464464464457e+09	-8.25180494659653e+02,2.44605149929391e+02
3.64564564564557e+09	-8.23756689436416e+02,2.45671335063258e+02
3.64664664664657e+09	-8.22332702723408e+02,2.46729758306266e+02
3.64764764764757e+09	-8.20908575945873e+02,2.47780448384999e+02
3.64864864864857e+09	-8.19484350117244e+02,2.48823434168507e+02
3.64964964964957e+09	-8.18060065840544e+02,2.49858744663806e+02
3.65065065065057e+09	-8.16635763309817e+02,2.50886409011424e+02
3.65165165165157e+09	-8.15211482311564e+02,2.51906456481038e+02
3.65265265265257e+09	-8.13787262226271e+02,2.52918916467096e+02
3.65365365365358e+09	-8.12363142029912e+02,2.53923818484538e+02
3.65465465465458e+09	-8.10939160295519e+02,2.54921192164555e+02
3.65565565565558e+09	-8.09515355194791e+02,2.55911067250362e+02
3.65665665665658e+09	-8.08091764499686e+02,2.56893473593087e+02
3.65765765765758e+09	-8.06668425584105e+02,2.57868441147632e+02
3.65865865865858e+09	-8.05245375425553e+02,2.58835999968652e+02
3.65965965965958e+09	-8.03822650606871e+02,2.59796180206518e+02
3.66066066066058e+09	-8.02400287317947e+02,2.60749012103402e+02
3.66166166166158e+09	-8.00978321357512e+02,2.61694525989328e+02
3.66266266266258e+09	-7.99556788134907e+02,2.62632752278342e+02
3.66366366366358e+09	-7.98135722671912e+02,2.63563721464680e+02
3.66466466466459e+09	-7.96715159604578e+02,2.64487464119026e+02
3.66566566566559e+09	-7.95295133185092e+02,2.65404010884778e+02
3.66666666666659e+09	-7.93875677283660e+02,2.66313392474394e+02
3.66766766766759e+09	-7.92456825390438e+02,2.67215639665748e+02
3.66866866866859e+09	-7.91038610617420e+02,2.68110783298583e+02
3.66966966966959e+09	-7.89621065700416e+02,2.68998854270978e+02
3.67067067067059e+09	-7.88204223001018e+02,2.69879883535853e+02
3.67167167167159e+09	-7.86788114508585e+02,2.70753902097543e+02
3.67267267267259e+09	-7.85372771842242e+02,2.71620941008422e+02
3.67367367367359e+09	-7.83958226252908e+02,2.72481031365560e+02
3.67467467467459e+09	-7.82544508625339e+02,2.73334204307417e+02
3.67567567567559e+09	-7.81131649480188e+02,2.74180491010595e+02
3.67667667667660e+09	-7.79719678976065e+02,2.75019922686648e+02
3.67767767767760e+09	-7.78308626911635e+02,2.75852530578914e+02
3.67867867867860e+09	-7.76898522727715e+02,2.76678345959399e+02
3.67967967967960e+09	-7.75489395509382e+02,2.77497400125727e+02
3.68068068068060e+09	-7.74081273988114e+02,2.78309724398088e+02
3.68168168168160e+09	-7.72674186543921e+02,2.79115350116282e+02
3.68268268268260e+09	-7.71268161207495e+02,2.79914308636773e+02
3.68368368368360e+09	-7.69863225662376e+02,2.80706631329801e+02
3.68468468468460e+09	-7.68459407247127e+02,2.81492349576532e+02
3.68568568568560e+09	-7.67056732957515e+02,2.82271494766248e+02
3.68668668668660e+09	-7.65655229448698e+02,2.83044098293597e+02
3.68768768768761e+09	-7.64254923037434e+02,2.83810191555864e+02
3.68868868868861e+09	-7.62855839704288e+02,2.84569805950289e+02
3.68968968968961e+09	-7.61458005095846e+02,2.85322972871448e+02
3.69069069069061e+09	-7.60061444526943e+02,2.86069723708642e+02
3.69169169169161e+09	-7.58666182982892e+02,2.86810089843352e+02
3.69269269269261e+09	-7.57272245121722e+02,2.87544102646734e+02
3.69369369369361e+09	-7.55879655276421e+02,2.88271793477128e+02
3.69469469469461e+09	-7.54488437457186e+02,2.88993193677650e+02
3.69569569569561e+09	-7.53098615353658e+02,2.89708334573801e+02
3.69669669669661e+09	-7.51710212337214e+02,2.90417247471092e+02
3.69769769769761e+09	-7.50323251463190e+02,2.91119963652763e+02
3.69869869869862e+09	-7.48937755473174e+02,2.91816514377486e+02
3.69969969969962e+09	-7.47553746797253e+02,2.92506930877154e+02
3.70070070070062e+09	-7.46171247556285e+02,2.93191244354674e+02
3.70170170170162e+09	-7.44790279564181e+02,2.93869485981811e+02
3.70270270270262e+09	-7.43410864330173e+02,2.94541686897067e+02
3.70370370370362e+09	-7.42033023061069e+02,2.95207878203620e+02
3.70470470470462e+09	-7.40656776663567e+02,2.95868090967238e+02
3.70570570570562e+09	-7.39282145746473e+02,2.96522356214332e+02
3.70670670670662e+09	-7.37909150623036e+02,2.97170704929923e+02
3.70770770770762e+09	-7.36537811313176e+02,2.97813168055753e+02
3.70870870870862e+09	-7.35168147545789e+02,2.98449776488354e+02
3.70970970970962e+09	-7.33800178760988e+02,2.99080561077219e+02
3.71071071071063e+09	-7.32433924112400e+02,2.99705552622938e+02
3.71171171171163e+09	-7.31069402469422e+02,3.00324781875430e+02
3.71271271271263e+09	-7.29706632419490e+02,3.00938279532172e+02
3.71371371371363e+09	-7.28345632270340e+02,3.01546076236475e+02
3.71471471471463e+09	-7.26986420052268e+02,3.02148202575803e+02
3.71571571571563e+09	-7.25629013520395e+02,3.02744689080097e+02
3.71671671671663e+09	-7.24273430156915e+02,3.03335566220161e+02
3.71771771771763e+09	-7.22919687173337e+02,3.03920864406079e+02
3.71871871871863e+09	-7.21567801512760e+02,3.04500613985628e+02
3.71971971971963e+09	-7.20217789852071e+02,3.05074845242781e+02
3.72072072072063e+09	-7.18869668604221e+02,3.05643588396188e+02
3.72172172172164e+09	-7.17523453920430e+02,3.06206873597727e+02
3.72272272272264e+09	-7.16179161692436e+02,3.06764730931054e+02
3.72372372372364e+09	-7.14836807554699e+02,3.07317190410213e+02
3.72472472472464e+09	-7.13496406886614e+02,3.07864281978263e+02
3.72572572572564e+09	-7.12157974814745e+02,3.08406035505920e+02
3.72672672672664e+09	-7.10821526214998e+02,3.08942480790259e+02
3.72772772772764e+09	-7.09487075714833e+02,3.09473647553429e+02
3.72872872872864e+09	-7.08154637695455e+02,3.09999565441384e+02
3.72972972972964e+09	-7.06824226293988e+02,3.10520264022675e+02
3.73073073073064e+09	-7.05495855405668e+02,3.11035772787229e+02
3.73173173173164e+09	-7.04169538685979e+02,3.11546121145212e+02
3.73273273273265e+09	-7.02845289552855e+02,3.12051338425842e+02
3.73373373373365e+09	-7.01523121188797e+02,3.12551453876316e+02
3.73473473473465e+09	-7.00203046543042e+02,3.13046496660691e+02
3.73573573573565e+09	-6.98885078333687e+02,3.13536495858837e+02
3.73673673673665e+09	-6.97569229049823e+02,3.14021480465397e+02
3.73773773773765e+09	-6.96255510953654e+02,3.14501479388775e+02
3.73873873873865e+09	-6.94943936082611e+02,3.14976521450152e+02
3.73973973973965e+09	-6.93634516251437e+02,3.15446635382539e+02
3.74074074074065e+09	-6.92327263054315e+02,3.15911849829821e+02
3.74174174174165e+09	-6.91022187866915e+02,3.16372193345865e+02
3.74274274274265e+09	-6.89719301848497e+02,3.16827694393626e+02
3.74374374374365e+09	-6.88418615943963e+02,3.17278381344292e+02
3.74474474474466e+09	-6.87120140885914e+02,3.17724282476440e+02
3.74574574574566e+09	-6.85823887196697e+02,3.18165425975230e+02
3.74674674674666e+09	-6.84529865190447e+02,3.18601839931606e+02
3.74774774774766e+09	-6.83238084975103e+02,3.19033552341535e+02
3.74874874874866e+09	-6.81948556454441e+02,3.19460591105247e+02
3.74974974974966e+09	-6.80661289330054e+02,3.19882984026538e+02
3.75075075075066e+09	-6.79376293103373e+02,3.20300758812042e+02
3.75175175175166e+09	-6.78093577077639e+02,3.20713943070566e+02
3.75275275275266e+09	-6.76813150359886e+02,3.21122564312421e+02
3.75375375375366e+09	-6.75535021862893e+02,3.21526649948795e+02
3.75475475475466e+09	-6.74259200307146e+02,3.21926227291132e+02
3.75575575575567e+09	-6.72985694222792e+02,3.22321323550520e+02
3.75675675675667e+09	-6.71714511951535e+02,3.22711965837149e+02
3.75775775775767e+09	-6.70445661648604e+02,3.23098181159710e+02
3.75875875875867e+09	-6.69179151284621e+02,3.23479996424898e+02
3.75975975975967e+09	-6.67914988647528e+02,3.23857438436862e+02
3.76076076076067e+09	-6.66653181344456e+02,3.24230533896732e+02
3.76176176176167e+09	-6.65393736803616e+02,3.24599309402115e+02
3.76276276276267e+09	-6.64136662276151e+02,3.24963791446648e+02
3.76376376376367e+09	-6.62881964837997e+02,3.25324006419548e+02
3.76476476476467e+09	-6.61629651391721e+02,3.25679980605189e+02
3.76576576576567e+09	-6.60379728668354e+02,3.26031740182689e+02
3.76676676676667e+09	-6.59132203229206e+02,3.26379311225520e+02
3.76776776776768e+09	-6.57887081467689e+02,3.26722719701133e+02
3.76876876876868e+09	-6.56644369611082e+02,3.27061991470605e+02
3.76976976976968e+09	-6.55404073722341e+02,3.27397152288292e+02
3.77077077077068e+09	-6.54166199701863e+02,3.27728227801508e+02
3.77177177177168e+09	-6.52930753289248e+02,3.28055243550212e+02
3.77277277277268e+09	-6.51697740065037e+02,3.28378224966719e+02
3.77377377377368e+09	-6.50467165452478e+02,3.28697197375416e+02
3.77477477477468e+09	-6.49239034719199e+02,3.29012185992517e+02
3.77577577577568e+09	-6.48013352978985e+02,3.29323215925785e+02
3.77677677677668e+09	-6.46790125193430e+02,3.29630312174329e+02
3.77777777777768e+09	-6.45569356173645e+02,3.29933499628375e+02
3.77877877877869e+09	-6.44351050581939e+02,3.30232803069052e+02
3.77977977977969e+09	-6.43135212933472e+02,3.30528247168224e+02
3.78078078078069e+09	-6.41921847597929e+02,3.30819856488288e+02
3.78178178178169e+09	-6.40710958801137e+02,3.31107655482035e+02
3.78278278278269e+09	-6.39502550626712e+02,3.31391668492487e+02
3.78378378378369e+09	-6.38296627017669e+02,3.31671919752768e+02
3.78478478478469e+09	-6.37093191778033e+02,3.31948433385974e+02
3.78578578578569e+09	-6.35892248574428e+02,3.32221233405070e+02
3.78678678678669e+09	-6.34693800937664e+02,3.32490343712787e+02
3.78778778778769e+09	-6.33497852264300e+02,3.32755788101541e+02
3.78878878878869e+09	-6.32304405818210e+02,3.33017590253354e+02
3.78978978978970e+09	-6.31113464732127e+02,3.33275773739794e+02
3.79079079079070e+09	-6.29925032009169e+02,3.33530362021930e+02
3.79179179179170e+09	-6.28739110524373e+02,3.33781378450286e+02
3.79279279279270e+09	-6.27555703026204e+02,3.34028846264813e+02
3.79379379379370e+09	-6.26374812138041e+02,3.34272788594884e+02
3.79479479479470e+09	-6.25196440359682e+02,3.34513228459272e+02
3.79579579579570e+09	-6.24020590068804e+02,3.34750188766167e+02
3.79679679679670e+09	-6.22847263522434e+02,3.34983692313186e+02
3.79779779779770e+09	-6.21676462858403e+02,3.35213761787397e+02
3.79879879879870e+09	-6.20508190096776e+02,3.35440419765358e+02
3.79979979979970e+09	-6.19342447141283e+02,3.35663688713161e+02
3.80080080080070e+09	-6.18179235780748e+02,3.35883590986487e+02
3.80180180180171e+09	-6.17018557690476e+02,3.36100148830667e+02
3.80280280280271e+09	-6.15860414433648e+02,3.36313384380763e+02
3.80380380380371e+09	-6.14704807462728e+02,3.36523319661636e+02
3.80480480480471e+09	-6.13551738120782e+02,3.36729976588062e+02
3.80580580580571e+09	-6.12401207642893e+02,3.36933376964805e+02
3.80680680680671e+09	-6.11253217157471e+02,3.37133542486745e+02
3.80780780780771e+09	-6.10107767687600e+02,3.37330494738987e+02
3.80880880880871e+09	-6.08964860152358e+02,3.37524255196987e+02
3.80980980980971e+09	-6.07824495368131e+02,3.37714845226690e+02
3.81081081081071e+09	-6.06686674049930e+02,3.37902286084661e+02
3.81181181181171e+09	-6.05551396812653e+02,3.38086598918248e+02
3.81281281281272e+09	-6.04418664172382e+02,3.38267804765726e+02
3.81381381381372e+09	-6.03288476547643e+02,3.38445924556473e+02
3.81481481481472e+09	-6.02160834260665e+02,3.38620979111130e+02
3.81581581581572e+09	-6.01035737538636e+02,3.38792989141783e+02
3.81681681681672e+09	-5.99913186514916e+02,3.38961975252152e+02
3.81781781781772e+09	-5.98793181230271e+02,3.39127957937785e+02
3.81881881881872e+09	-5.97675721634091e+02,3.39290957586243e+02
3.81981981981972e+09	-5.96560807585582e+02,3.39450994477321e+02
3.82082082082072e+09	-5.95448438854960e+02,3.39608088783254e+02
3.82182182182172e+09	-5.94338615124635e+02,3.39762260568928e+02
3.82282282282272e+09	-5.93231335990371e+02,3.39913529792116e+02
3.82382382382373e+09	-5.92126600962451e+02,3.40061916303697e+02
3.82482482482473e+09	-5.91024409466812e+02,3.40207439847903e+02
3.82582582582573e+09	-5.89924760846217e+02,3.40350120062542e+02
3.82682682682673e+09	-5.88827654361327e+02,3.40489976479269e+02
3.82782782782773e+09	-5.87733089191867e+02,3.40627028523815e+02
3.82882882882873e+09	-5.86641064437704e+02,3.40761295516262e+02
3.82982982982973e+09	-5.85551579119947e+02,3.40892796671295e+02
3.83083083083073e+09	-5.84464632182032e+02,3.41021551098473e+02
3.83183183183173e+09	-5.83380222490811e+02,3.41147577802499e+02
3.83283283283273e+09	-5.82298348837583e+02,3.41270895683507e+02
3.83383383383373e+09	-5.81219009939187e+02,3.41391523537329e+02
3.83483483483473e+09	-5.80142204439018e+02,3.41509480055790e+02
3.83583583583574e+09	-5.79067930908067e+02,3.41624783827004e+02
3.83683683683674e+09	-5.77996187845961e+02,3.41737453335651e+02
3.83783783783774e+09	-5.76926973681954e+02,3.41847506963300e+02
3.83883883883874e+09	-5.75860286775945e+02,3.41954962988691e+02
3.83983983983974e+09	-5.74796125419470e+02,3.42059839588057e+02
3.84084084084074e+09	-5.73734487836686e+02,3.42162154835429e+02
3.84184184184174e+09	-5.72675372185346e+02,3.42261926702949e+02
3.84284284284274e+09	-5.71618776557758e+02,3.42359173061196e+02
3.84384384384374e+09	-5.70564698981760e+02,3.42453911679498e+02
3.84484484484474e+09	-5.69513137421644e+02,3.42546160226266e+02
3.84584584584574e+09	-5.68464089779104e+02,3.42635936269319e+02
3.84684684684675e+09	-5.67417553894164e+02,3.42723257276218e+02
3.84784784784775e+09	-5.66373527546100e+02,3.42808140614594e+02
3.84884884884875e+09	-5.65332008454333e+02,3.42890603552502e+02
3.84984984984975e+09	-5.64292994279347e+02,3.42970663258743e+02
3.85085085085075e+09	-5.63256482623565e+02,3.43048336803225e+02
3.85185185185175e+09	-5.62222471032248e+02,3.43123641157298e+02
3.85285285285275e+09	-5.61190956994355e+02,3.43196593194109e+02
3.85385385385375e+09	-5.60161937943400e+02,3.43267209688954e+02
3.85485485485475e+09	-5.59135411258327e+02,3.43335507319630e+02
3.85585585585575e+09	-5.58111374264342e+02,3.43401502666796e+02
3.85685685685675e+09	-5.57089824233754e+02,3.43465212214328e+02
3.85785785785776e+09	-5.56070758386805e+02,3.43526652349682e+02
3.85885885885876e+09	-5.55054173892482e+02,3.43585839364264e+02
3.85985985985976e+09	-5.54040067869345e+02,3.43642789453783e+02
3.86086086086076e+09	-5.53028437386317e+02,3.43697518718630e+02
3.86186186186176e+09	-5.52019279463476e+02,3.43750043164245e+02
3.86286286286276e+09	-5.51012591072856e+02,3.43800378701484e+02
3.86386386386376e+09	-5.50008369139209e+02,3.43848541147001e+02
3.86486486486476e+09	-5.49006610540787e+02,3.43894546223615e+02
3.86586586586576e+09	-5.48007312110093e+02,3.43938409560692e+02
3.86686686686676e+09	-5.47010470634646e+02,3.43980146694520e+02
3.86786786786776e+09	-5.46016082857713e+02,3.44019773068693e+02
3.86886886886876e+09	-5.45024145479066e+02,3.44057304034484e+02
3.86986986986977e+09	-5.44034655155682e+02,3.44092754851242e+02
3.87087087087077e+09	-5.43047608502496e+02,3.44126140686759e+02
3.87187187187177e+09	-5.42063002093092e+02,3.44157476617670e+02
3.87287287287277e+09	-5.41080832460422e+02,3.44186777629829e+02
3.87387387387377e+09	-5.40101096097497e+02,3.44214058618701e+02
3.87487487487477e+09	-5.39123789458083e+02,3.44239334389753e+02
3.87587587587577e+09	-5.38148908957384e+02,3.44262619658834e+02
3.87687687687677e+09	-5.37176450972709e+02,3.44283929052578e+02
3.87787787787777e+09	-5.36206411844155e+02,3.44303277108784e+02
3.87887887887877e+09	-5.35238787875250e+02,3.44320678276818e+02
3.87987987987977e+09	-5.34273575333631e+02,3.44336146917997e+02
3.88088088088078e+09	-5.33310770451657e+02,3.44349697305988e+02
3.88188188188178e+09	-5.32350369427084e+02,3.44361343627200e+02
3.88288288288278e+09	-5.31392368423672e+02,3.44371099981179e+02
3.88388388388378e+09	-5.30436763571821e+02,3.44378980381003e+02
3.88488488488478e+09	-5.29483550969183e+02,3.44384998753681e+02
3.88588588588578e+09	-5.28532726681281e+02,3.44389168940544e+02
3.88688688688678e+09	-5.27584286742102e+02,3.44391504697644e+02
3.88788788788778e+09	-5.26638227154704e+02,3.44392019696153e+02
3.88888888888878e+09	-5.25694543891806e+02,3.44390727522756e+02
3.88988988988978e+09	-5.24753232896360e+02,3.44387641680053e+02
3.89089089089078e+09	-5.23814290082149e+02,3.44382775586951e+02
3.89189189189179e+09	-5.22877711334338e+02,3.44376142579068e+02
3.89289289289279e+09	-5.21943492510043e+02,3.44367755909127e+02
3.89389389389379e+09	-5.21011629438903e+02,3.44357628747354e+02
3.89489489489479e+09	-5.20082117923603e+02,3.44345774181879e+02
3.89589589589579e+09	-5.19154953740451e+02,3.44332205219130e+02
3.89689689689679e+09	-5.18230132639887e+02,3.44316934784235e+02
3.89789789789779e+09	-5.17307650347039e+02,3.44299975721414e+02
3.89889889889879e+09	-5.16387502562234e+02,3.44281340794385e+02
3.89989989989979e+09	-5.15469684961518e+02,3.44261042686754e+02
3.90090090090079e+09	-5.14554193197185e+02,3.44239094002415e+02
3.90190190190179e+09	-5.13641022898264e+02,3.44215507265950e+02
3.90290290290279e+09	-5.12730169671034e+02,3.44190294923021e+02
3.90390390390380e+09	-5.11821629099519e+02,3.44163469340767e+02
3.90490490490480e+09	-5.10915396745972e+02,3.44135042808205e+02
3.90590590590580e+09	-5.10011468151362e+02,3.44105027536620e+02
3.90690690690680e+09	-5.09109838835857e+02,3.44073435659964e+02
3.90790790790780e+09	-5.08210504299286e+02,3.44040279235248e+02
3.90890890890880e+09	-5.07313460021618e+02,3.44005570242940e+02
3.90990990990980e+09	-5.06418701463414e+02,3.43969320587355e+02
3.91091091091080e+09	-5.05526224066289e+02,3.43931542097051e+02
3.91191191191180e+09	-5.04636023253359e+02,3.43892246525220e+02
3.91291291291280e+09	-5.03748094429689e+02,3.43851445550081e+02
3.91391391391380e+09	-5.02862432982726e+02,3.43809150775272e+02
3.91491491491481e+09	-5.01979034282740e+02,3.43765373730241e+02
3.91591591591581e+09	-5.01097893683251e+02,3.43720125870635e+02
3.91691691691681e+09	-5.00219006521449e+02,3.43673418578689e+02
3.91791791791781e+09	-4.99342368118620e+02,3.43625263163617e+02
3.91891891891881e+09	-4.98467973780550e+02,3.43575670861999e+02
3.91991991991981e+09	-4.97595818797939e+02,3.43524652838168e+02
3.92092092092081e+09	-4.96725898446807e+02,3.43472220184593e+02
3.92192192192181e+09	-4.95858207988881e+02,3.43418383922274e+02
3.92292292292281e+09	-4.94992742672004e+02,3.43363155001115e+02
3.92392392392381e+09	-4.94129497730504e+02,3.43306544300319e+02
3.92492492492481e+09	-4.93268468385596e+02,3.43248562628759e+02
3.92592592592582e+09	-4.92409649845748e+02,3.43189220725374e+02
3.92692692692682e+09	-4.91553037307066e+02,3.43128529259535e+02
3.92792792792782e+09	-4.90698625953648e+02,3.43066498831440e+02
3.92892892892882e+09	-4.89846410957962e+02,3.43003139972481e+02
3.92992992992982e+09	-4.88996387481203e+02,3.42938463145628e+02
3.93093093093082e+09	-4.88148550673646e+02,3.42872478745808e+02
3.93193193193182e+09	-4.87302895674991e+02,3.42805197100275e+02
3.93293293293282e+09	-4.86459417614720e+02,3.42736628468991e+02
3.93393393393382e+09	-4.85618111612437e+02,3.42666783044997e+02
3.93493493493482e+09	-4.84778972778199e+02,3.42595670954785e+02
3.93593593593582e+09	-4.83941996212855e+02,3.42523302258674e+02
3.93693693693682e+09	-4.83107177008373e+02,3.42449686951177e+02
3.93793793793783e+09	-4.82274510248161e+02,3.42374834961371e+02
3.93893893893883e+09	-4.81443991007396e+02,3.42298756153268e+02
3.93993993993983e+09	-4.80615614353334e+02,3.42221460326178e+02
3.94094094094083e+09	-4.79789375345621e+02,3.42142957215080e+02
3.94194194194183e+09	-4.78965269036601e+02,3.42063256490984e+02
3.94294294294283e+09	-4.78143290471630e+02,3.41982367761295e+02
3.94394394394383e+09	-4.77323434689362e+02,3.41900300570176e+02
3.94494494494483e+09	-4.76505696722053e+02,3.41817064398910e+02
3.94594594594583e+09	-4.75690071595845e+02,3.41732668666259e+02
3.94694694694683e+09	-4.74876554331073e+02,3.41647122728823e+02
3.94794794794783e+09	-4.74065139942523e+02,3.41560435881399e+02
3.94894894894884e+09	-4.73255823439736e+02,3.41472617357335e+02
3.94994994994984e+09	-4.72448599827269e+02,3.41383676328886e+02
3.95095095095084e+09	-4.71643464104978e+02,3.41293621907569e+02
3.95195195195184e+09	-4.70840411268276e+02,3.41202463144516e+02
3.95295295295284e+09	-4.70039436308416e+02,3.41110209030819e+02
3.95395395395384e+09	-4.69240534212737e+02,3.41016868497891e+02
3.95495495495484e+09	-4.68443699964926e+02,3.40922450417803e+02
3.95595595595584e+09	-4.67648928545283e+02,3.40826963603637e+02
3.95695695695684e+09	-4.66856214930955e+02,3.40730416809835e+02
3.95795795795784e+09	-4.66065554096208e+02,3.40632818732534e+02
3.95895895895884e+09	-4.65276941012646e+02,3.40534178009921e+02
3.95995995995985e+09	-4.64490370649464e+02,3.40434503222564e+02
3.96096096096085e+09	-4.63705837973696e+02,3.40333802893758e+02
3.96196196196185e+09	-4.62923337950429e+02,3.40232085489865e+02
3.96296296296285e+09	-4.62142865543051e+02,3.40129359420648e+02
3.96396396396385e+09	-4.61364415713471e+02,3.40025633039610e+02
3.96496496496485e+09	-4.60587983422341e+02,3.39920914644329e+02
3.96596596596585e+09	-4.59813563629294e+02,3.39815212476788e+02
3.96696696696685e+09	-4.59041151293138e+02,3.39708534723712e+02
3.96796796796785e+09	-4.58270741372094e+02,3.39600889516895e+02
3.96896896896885e+09	-4.57502328823991e+02,3.39492284933532e+02
3.96996996996985e+09	-4.56735908606493e+02,3.39382728996544e+02
3.97097097097085e+09	-4.55971475677288e+02,3.39272229674906e+02
3.97197197197186e+09	-4.55209024994298e+02,3.39160794883974e+02
3.97297297297286e+09	-4.54448551515887e+02,3.39048432485803e+02
3.97397397397386e+09	-4.53690050201045e+02,3.38935150289478e+02
3.97497497497486e+09	-4.52933516009596e+02,3.38820956051422e+02
3.97597597597586e+09	-4.52178943902379e+02,3.38705857475731e+02
3.97697697697686e+09	-4.51426328841442e+02,3.38589862214476e+02
3.97797797797786e+09	-4.50675665790228e+02,3.38472977868034e+02
3.97897897897886e+09	-4.49926949713761e+02,3.38355211985389e+02
3.97997997997986e+09	-4.49180175578818e+02,3.38236572064458e+02
3.98098098098086e+09	-4.48435338354120e+02,3.38117065552393e+02
3.98198198198186e+09	-4.47692433010493e+02,3.37996699845901e+02
3.98298298298287e+09	-4.46951454521057e+02,3.37875482291544e+02
3.98398398398387e+09	-4.46212397861379e+02,3.37753420186052e+02
3.98498498498487e+09	-4.45475258009654e+02,3.37630520776629e+02
3.98598598598587e+09	-4.44740029946864e+02,3.37506791261258e+02
3.98698698698687e+09	-4.44006708656939e+02,3.37382238789000e+02
3.98798798798787e+09	-4.43275289126928e+02,3.37256870460301e+02
3.98898898898887e+09	-4.42545766347139e+02,3.37130693327293e+02
3.98998998998987e+09	-4.41818135311309e+02,3.37003714394085e+02
3.99099099099087e+09	-4.41092391016750e+02,3.36875940617072e+02
3.99199199199187e+09	-4.40368528464501e+02,3.36747378905219e+02
3.99299299299287e+09	-4.39646542659479e+02,3.36618036120368e+02
3.99399399399388e+09	-4.38926428610614e+02,3.36487919077519e+02
3.99499499499488e+09	-4.38208181331011e+02,3.36357034545132e+02
3.99599599599588e+09	-4.37491795838074e+02,3.36225389245410e+02
3.99699699699688e+09	-4.36777267153652e+02,3.36092989854590e+02
3.99799799799788e+09	-4.36064590304174e+02,3.35959843003234e+02
3.99899899899888e+09	-4.35353760320791e+02,3.35825955276507e+02
4.00000000000000e+09	-4.34644772239412e+02,3.35691333214453e+02
